time,right_j0,right_j1,right_j2,right_j3,right_j4,right_j5,right_j6,
5.253951,0.13689453125,1.24189550781,-0.530639648438,-2.2037734375,2.97691601563,0.55955078125,0.464499023437,
5.254044,0.13689453125,1.24189550781,-0.530639648438,-2.2037734375,2.97691601563,0.55955078125,0.464499023437,
5.264101,0.13689453125,1.24189550781,-0.530639648438,-2.2037734375,2.97691601563,0.55955078125,0.464499023437,
5.274109,0.13689453125,1.24189550781,-0.530639648438,-2.2037734375,2.97691601563,0.55955078125,0.464499023437,
5.284129,0.13689453125,1.24189550781,-0.530639648438,-2.2037734375,2.97691601563,0.55955078125,0.464499023437,
5.294136,0.13689453125,1.24189550781,-0.530639648438,-2.2037734375,2.97691601563,0.55955078125,0.464499023437,
5.304108,0.13689453125,1.24189550781,-0.530639648438,-2.2037734375,2.97691601563,0.55955078125,0.464499023437,
5.314140,0.13689453125,1.24189550781,-0.530639648438,-2.2037734375,2.97691601563,0.55955078125,0.464499023437,
5.324125,0.13689453125,1.24189550781,-0.530639648438,-2.2037734375,2.97691601563,0.55955078125,0.464499023437,
5.334092,0.13689453125,1.24189550781,-0.530639648438,-2.2037734375,2.97691601563,0.55955078125,0.464499023437,
5.344112,0.13689453125,1.24189550781,-0.530639648438,-2.2037734375,2.97691601563,0.55955078125,0.464499023437,
5.354129,0.13689453125,1.24189550781,-0.530639648438,-2.2037734375,2.97691601563,0.55955078125,0.464499023437,
5.364100,0.13689453125,1.24189550781,-0.530639648438,-2.2037734375,2.97691601563,0.55955078125,0.464499023437,
5.374136,0.13689453125,1.24189550781,-0.530639648438,-2.2037734375,2.97691601563,0.55955078125,0.464499023437,
5.384105,0.13689453125,1.24189550781,-0.530639648438,-2.2037734375,2.97691601563,0.55955078125,0.464499023437,
5.394112,0.13689453125,1.24189550781,-0.530639648438,-2.2037734375,2.97691601563,0.55955078125,0.464499023437,
5.404125,0.13689453125,1.24189550781,-0.530639648438,-2.2037734375,2.97691601563,0.55955078125,0.464499023437,
5.414107,0.13689453125,1.24189550781,-0.530639648438,-2.2037734375,2.97691601563,0.55955078125,0.464499023437,
5.424121,0.13689453125,1.24189550781,-0.530639648438,-2.2037734375,2.97691601563,0.55955078125,0.464499023437,
5.434141,0.13689453125,1.24189550781,-0.530639648438,-2.2037734375,2.97691601563,0.55955078125,0.464499023437,
5.444107,0.13689453125,1.24189550781,-0.530639648438,-2.2037734375,2.97691601563,0.55955078125,0.464499023437,
5.454130,0.13689453125,1.24189550781,-0.530639648438,-2.2037734375,2.97691601563,0.55955078125,0.464499023437,
5.464123,0.13689453125,1.24189550781,-0.530639648438,-2.2037734375,2.97691601563,0.55955078125,0.464499023437,
5.474089,0.13689453125,1.24189550781,-0.530639648438,-2.2037734375,2.97691601563,0.55955078125,0.464499023437,
5.484086,0.13689453125,1.24189550781,-0.530639648438,-2.2037734375,2.97691601563,0.55955078125,0.464499023437,
5.494115,0.13689453125,1.24189550781,-0.530639648438,-2.2037734375,2.97691601563,0.55955078125,0.464499023437,
5.504125,0.13689453125,1.24189550781,-0.530639648438,-2.2037734375,2.97691601563,0.55955078125,0.464499023437,
5.514086,0.13689453125,1.24189550781,-0.530639648438,-2.2037734375,2.97691601563,0.55955078125,0.464499023437,
5.524104,0.13689453125,1.24189550781,-0.530639648438,-2.2037734375,2.97691601563,0.55955078125,0.464499023437,
5.534091,0.13689453125,1.24189550781,-0.530639648438,-2.2037734375,2.97691601563,0.55955078125,0.464499023437,
5.544138,0.13689453125,1.24189550781,-0.530639648438,-2.2037734375,2.97691601563,0.55955078125,0.464499023437,
5.554129,0.13689453125,1.24189550781,-0.530639648438,-2.2037734375,2.97691601563,0.55955078125,0.464499023437,
5.564100,0.13689453125,1.24189550781,-0.530639648438,-2.2037734375,2.97691601563,0.55955078125,0.464499023437,
5.574091,0.13689453125,1.24189550781,-0.530639648438,-2.2037734375,2.97691601563,0.55955078125,0.464499023437,
5.584105,0.13689453125,1.24189550781,-0.530639648438,-2.2037734375,2.97691601563,0.55955078125,0.464499023437,
5.594117,0.13689453125,1.24189550781,-0.530639648438,-2.2037734375,2.97691601563,0.55955078125,0.464499023437,
5.604096,0.13689453125,1.24189550781,-0.530495117187,-2.2037734375,2.97691601563,0.55955078125,0.464499023437,
5.614129,0.13689453125,1.24189550781,-0.530495117187,-2.2037734375,2.97691601563,0.55955078125,0.464499023437,
5.624118,0.13689453125,1.24189550781,-0.530495117187,-2.2037734375,2.97691601563,0.55955078125,0.464499023437,
5.634124,0.13689453125,1.24189550781,-0.530495117187,-2.2037734375,2.97691601563,0.55955078125,0.464499023437,
5.644119,0.13689453125,1.24189550781,-0.530495117187,-2.2037734375,2.97691601563,0.55955078125,0.464499023437,
5.654118,0.13689453125,1.24189550781,-0.530495117187,-2.2037734375,2.97691601563,0.55955078125,0.464499023437,
5.664118,0.13689453125,1.24189550781,-0.530495117187,-2.2037734375,2.97691601563,0.55955078125,0.464499023437,
5.674172,0.13689453125,1.24189550781,-0.530495117187,-2.2037734375,2.97691601563,0.55955078125,0.464499023437,
5.684126,0.13689453125,1.24189550781,-0.530495117187,-2.2037734375,2.97691601563,0.55955078125,0.464499023437,
5.694124,0.13689453125,1.24189550781,-0.530495117187,-2.2037734375,2.97691601563,0.55955078125,0.464499023437,
5.704151,0.13689453125,1.24189550781,-0.530495117187,-2.2037734375,2.97691601563,0.55955078125,0.464499023437,
5.714133,0.13689453125,1.24189550781,-0.530495117187,-2.2037734375,2.97691601563,0.55955078125,0.464499023437,
5.724118,0.13689453125,1.24189550781,-0.530495117187,-2.2037734375,2.97691601563,0.55955078125,0.464499023437,
5.734135,0.13689453125,1.24189550781,-0.530639648438,-2.2037734375,2.97691601563,0.55955078125,0.464499023437,
5.744126,0.13689453125,1.24189550781,-0.530639648438,-2.2037734375,2.97691601563,0.55955078125,0.464499023437,
5.754133,0.13689453125,1.24189550781,-0.530639648438,-2.2037734375,2.97691601563,0.55955078125,0.464499023437,
5.764116,0.13689453125,1.24189550781,-0.530639648438,-2.2037734375,2.97691601563,0.55955078125,0.464499023437,
5.774115,0.13689453125,1.24189550781,-0.530639648438,-2.2037734375,2.97691601563,0.55955078125,0.464499023437,
5.784089,0.13689453125,1.24189550781,-0.530639648438,-2.2037734375,2.97691601563,0.55955078125,0.464499023437,
5.794119,0.13689453125,1.24189550781,-0.530639648438,-2.2037734375,2.97691601563,0.55934375,0.464499023437,
5.804111,0.13689453125,1.24189550781,-0.530639648438,-2.2037734375,2.97691601563,0.55934375,0.464499023437,
5.814116,0.13689453125,1.24189550781,-0.530639648438,-2.20362890625,2.97691601563,0.55934375,0.464499023437,
5.824106,0.13689453125,1.24189550781,-0.530639648438,-2.20362890625,2.97691601563,0.55934375,0.464499023437,
5.834109,0.13689453125,1.24189550781,-0.530639648438,-2.20362890625,2.97691601563,0.55934375,0.464499023437,
5.844087,0.13689453125,1.24189550781,-0.530639648438,-2.20362890625,2.97691601563,0.55934375,0.464499023437,
5.854106,0.13689453125,1.24189550781,-0.530639648438,-2.20362890625,2.97691601563,0.55934375,0.464499023437,
5.864087,0.13689453125,1.24189550781,-0.530639648438,-2.20362890625,2.97691601563,0.55934375,0.464499023437,
5.874113,0.13689453125,1.24189550781,-0.530639648438,-2.20362890625,2.97691601563,0.55934375,0.464499023437,
5.884132,0.13689453125,1.24189550781,-0.530639648438,-2.20362890625,2.97691601563,0.55934375,0.464499023437,
5.894136,0.13689453125,1.24189550781,-0.530639648438,-2.20362890625,2.97691601563,0.55934375,0.464499023437,
5.904181,0.13689453125,1.24189550781,-0.530639648438,-2.2037734375,2.97691601563,0.55934375,0.464499023437,
5.914151,0.13689453125,1.24189550781,-0.530639648438,-2.2037734375,2.97691601563,0.55934375,0.464499023437,
5.924129,0.13689453125,1.24189550781,-0.530639648438,-2.2037734375,2.97691601563,0.55934375,0.464499023437,
5.934110,0.13689453125,1.24189550781,-0.530639648438,-2.2037734375,2.97691601563,0.55934375,0.464499023437,
5.944155,0.13689453125,1.24189550781,-0.530639648438,-2.2037734375,2.97691601563,0.55934375,0.464499023437,
5.954348,0.13689453125,1.24189550781,-0.530639648438,-2.2037734375,2.97691601563,0.55934375,0.464499023437,
5.964109,0.13689453125,1.24189550781,-0.530639648438,-2.20362890625,2.97691601563,0.55934375,0.464499023437,
5.974114,0.13689453125,1.24189550781,-0.530639648438,-2.20362890625,2.97691601563,0.55934375,0.464499023437,
5.984120,0.13689453125,1.24189550781,-0.530639648438,-2.20362890625,2.97691601563,0.55934375,0.464499023437,
5.994148,0.13689453125,1.24189550781,-0.530639648438,-2.20362890625,2.97691601563,0.55934375,0.464499023437,
6.004151,0.13689453125,1.24189550781,-0.530639648438,-2.20362890625,2.97691601563,0.55934375,0.464499023437,
6.014104,0.13689453125,1.24189550781,-0.530639648438,-2.20362890625,2.97691601563,0.55934375,0.464499023437,
6.024118,0.13689453125,1.24189550781,-0.530639648438,-2.20362890625,2.97691601563,0.55934375,0.464499023437,
6.034119,0.13689453125,1.24189550781,-0.530495117187,-2.20362890625,2.97691601563,0.55934375,0.464499023437,
6.044117,0.13689453125,1.24189550781,-0.530495117187,-2.20362890625,2.97691601563,0.55934375,0.464499023437,
6.054117,0.13689453125,1.24189550781,-0.530495117187,-2.20362890625,2.97691601563,0.55934375,0.464499023437,
6.064112,0.13689453125,1.24189550781,-0.530495117187,-2.20362890625,2.97691601563,0.55934375,0.464499023437,
6.074143,0.13689453125,1.24189550781,-0.530495117187,-2.20362890625,2.97691601563,0.55934375,0.464499023437,
6.084120,0.13689453125,1.24189550781,-0.530495117187,-2.20362890625,2.97691601563,0.55934375,0.464499023437,
6.094111,0.13689453125,1.24189550781,-0.530495117187,-2.20362890625,2.97691601563,0.55934375,0.464499023437,
6.104113,0.13689453125,1.24189550781,-0.530495117187,-2.20362890625,2.97691601563,0.55934375,0.464499023437,
6.114131,0.13689453125,1.24189550781,-0.530495117187,-2.20362890625,2.97691601563,0.55934375,0.464499023437,
6.124144,0.13689453125,1.24189550781,-0.530495117187,-2.20362890625,2.97691601563,0.55934375,0.464499023437,
6.134142,0.13689453125,1.24189550781,-0.530495117187,-2.20362890625,2.97691601563,0.55934375,0.464499023437,
6.144116,0.13689453125,1.24189550781,-0.530495117187,-2.20362890625,2.97691601563,0.55934375,0.464499023437,
6.154116,0.136791015625,1.24189550781,-0.530495117187,-2.20362890625,2.97712304688,0.55934375,0.464499023437,
6.164088,0.136791015625,1.24189550781,-0.530495117187,-2.20362890625,2.97712304688,0.55934375,0.464499023437,
6.174154,0.136791015625,1.24189550781,-0.530495117187,-2.2037734375,2.97712304688,0.55934375,0.464499023437,
6.184143,0.136791015625,1.24189550781,-0.530495117187,-2.2037734375,2.97712304688,0.55934375,0.464499023437,
6.194137,0.136791015625,1.24189550781,-0.530495117187,-2.2037734375,2.97732910156,0.55934375,0.464499023437,
6.204167,0.136688476562,1.24189550781,-0.530495117187,-2.2037734375,2.97732910156,0.55934375,0.464499023437,
6.214142,0.136688476562,1.24189550781,-0.530495117187,-2.2037734375,2.97732910156,0.55934375,0.464499023437,
6.224100,0.136688476562,1.24189550781,-0.530495117187,-2.2037734375,2.97732910156,0.55934375,0.464499023437,
6.234139,0.136688476562,1.24179296875,-0.530495117187,-2.20362890625,2.97753613281,0.559137695313,0.464499023437,
6.244169,0.136584960937,1.24169042969,-0.530495117187,-2.203484375,2.9777421875,0.558930664063,0.464499023437,
6.254206,0.136584960937,1.24169042969,-0.530495117187,-2.203484375,2.9777421875,0.558930664063,0.464499023437,
6.264160,0.136584960937,1.24158691406,-0.530495117187,-2.203484375,2.9777421875,0.558737304688,0.464499023437,
6.274117,0.136584960937,1.241484375,-0.530495117187,-2.20333984375,2.97836230469,0.558737304688,0.464499023437,
6.284107,0.136482421875,1.24158691406,-0.530927734375,-2.203484375,2.98022167969,0.559137695313,0.464499023437,
6.294135,0.136385742187,1.24169042969,-0.531072265625,-2.203484375,2.98209375,0.560376953125,0.464499023437,
6.304142,0.136482421875,1.2421015625,-0.531072265625,-2.20362890625,2.98415917969,0.561396484375,0.464499023437,
6.314138,0.136688476562,1.24241015625,-0.531072265625,-2.20362890625,2.98663769531,0.562830078125,0.464499023437,
6.324121,0.136791015625,1.24271875,-0.531072265625,-2.20362890625,2.98954296875,0.564056640625,0.464499023437,
6.334098,0.13689453125,1.24303417969,-0.531072265625,-2.20362890625,2.99264160156,0.565489257813,0.464291992188,
6.344082,0.13689453125,1.24334277344,-0.531072265625,-2.20305078125,2.99326171875,0.566715820313,0.464499023437,
6.354133,0.136688476562,1.24365136719,-0.531216796875,-2.20261816406,2.99326171875,0.5673359375,0.464499023437,
6.364130,0.136385742187,1.24406347656,-0.531361328125,-2.20232910156,2.99326171875,0.567942382812,0.464499023437,
6.374149,0.136283203125,1.24426953125,-0.531361328125,-2.20204003906,2.99326171875,0.5685625,0.464499023437,
6.384129,0.136283203125,1.24447460938,-0.531361328125,-2.20160742187,2.99326171875,0.56876953125,0.464291992188,
6.394128,0.136283203125,1.244578125,-0.531361328125,-2.20131835938,2.99326171875,0.56876953125,0.464291992188,
6.404124,0.136283203125,1.244578125,-0.531361328125,-2.20131835938,2.99326171875,0.56876953125,0.464291992188,
6.414148,0.136283203125,1.24468066406,-0.531505859375,-2.20103027344,2.99326171875,0.5685625,0.464291992188,
6.424119,0.136283203125,1.24447460938,-0.531938476563,-2.20031738281,2.99326171875,0.5685625,0.464291992188,
6.434104,0.136180664063,1.24426953125,-0.532227539062,-2.19988378906,2.99326171875,0.5685625,0.464291992188,
6.444095,0.136077148437,1.24395996094,-0.532525390625,-2.19945117187,2.99326171875,0.56835546875,0.464291992188,
6.454086,0.135974609375,1.24365136719,-0.532958007813,-2.19901757812,2.99326171875,0.567942382812,0.464291992188,
6.464122,0.135974609375,1.24334277344,-0.533391601562,-2.19872851563,2.99326171875,0.567942382812,0.464291992188,
6.474147,0.135974609375,1.24334277344,-0.533391601562,-2.19872851563,2.99326171875,0.567942382812,0.464291992188,
6.484121,0.136077148437,1.24230761719,-0.534546875,-2.19786230469,2.99326171875,0.5673359375,0.464291992188,
6.494148,0.136077148437,1.24179296875,-0.535268554688,-2.1974296875,2.99326171875,0.567129882812,0.464291992188,
6.504130,0.136077148437,1.24107226562,-0.535999023438,-2.19686132812,2.99326171875,0.566302734375,0.464291992188,
6.514104,0.136077148437,1.24035253906,-0.536865234375,-2.19628320313,2.99326171875,0.565696289063,0.464291992188,
6.524115,0.136077148437,1.24035253906,-0.536865234375,-2.19628320313,2.99326171875,0.565696289063,0.464291992188,
6.534121,0.136077148437,1.23859667969,-0.538895507812,-2.19512890625,2.99326171875,0.564056640625,0.464291992188,
6.544119,0.135974609375,1.23766992188,-0.53990625,-2.19440625,2.99326171875,0.563037109375,0.464291992188,
6.554111,0.135974609375,1.236640625,-0.541061523438,-2.19354980469,2.99326171875,0.56200390625,0.464291992188,
6.564115,0.135974609375,1.23561230469,-0.542370117187,-2.19268359375,2.99326171875,0.560983398438,0.4640859375,
6.574113,0.135974609375,1.23447363281,-0.543668945312,-2.19167285156,2.99326171875,0.559963867188,0.4640859375,
6.584156,0.135974609375,1.23447363281,-0.543668945312,-2.19167285156,2.99326171875,0.559963867188,0.4640859375,
6.594131,0.135974609375,1.23200390625,-0.546709960938,-2.189515625,2.99326171875,0.55709765625,0.464291992188,
6.604215,0.135974609375,1.23200390625,-0.546709960938,-2.189515625,2.99326171875,0.55709765625,0.464291992188,
6.614269,0.13587109375,1.22932128906,-0.549895507812,-2.18692578125,2.99326171875,0.554231445313,0.464291992188,
6.624118,0.13587109375,1.22788085937,-0.55163671875,-2.18548242188,2.99326171875,0.552591796875,0.464291992188,
6.634091,0.13587109375,1.22633105469,-0.553224609375,-2.18375878906,2.99326171875,0.550952148437,0.464291992188,
6.644099,0.13587109375,1.22478710938,-0.554822265625,-2.18202636719,2.99326171875,0.548912109375,0.464291992188,
6.654134,0.13587109375,1.22478710938,-0.554822265625,-2.18202636719,2.99326171875,0.548912109375,0.464291992188,
6.664126,0.135768554687,1.22313378906,-0.556563476563,-2.18015820312,2.99326171875,0.547065429688,0.464291992188,
6.674134,0.135666015625,1.21962890625,-0.559893554688,-2.17598046875,2.99326171875,0.542766601563,0.464499023437,
6.684114,0.135666015625,1.21787988281,-0.561625976563,-2.17367089844,2.99326171875,0.5407265625,0.464499023437,
6.694093,0.1355625,1.21591796875,-0.56322265625,-2.17122558594,2.99326171875,0.538260742187,0.464499023437,
6.704107,0.135459960938,1.21396289062,-0.564810546875,-2.16863574219,2.99326171875,0.536013671875,0.464499023437,
6.714204,0.135459960938,1.21396289062,-0.564810546875,-2.16863574219,2.99326171875,0.536013671875,0.464499023437,
6.724146,0.135357421875,1.21189746094,-0.566408203125,-2.16590136719,2.99326171875,0.533754882813,0.464499023437,
6.734147,0.1349453125,1.20777539062,-0.569881835937,-2.16028027344,2.99326171875,0.528641601562,0.464499023437,
6.744108,0.1349453125,1.20777539062,-0.569881835937,-2.16028027344,2.99326171875,0.528641601562,0.464499023437,
6.754113,0.134430664063,1.20365234375,-0.573365234375,-2.15437890625,2.99326171875,0.523116210938,0.464499023437,
6.764146,0.134430664063,1.20365234375,-0.573365234375,-2.15437890625,2.99326171875,0.523116210938,0.464499023437,
6.774133,0.133819335938,1.19932421875,-0.5766953125,-2.14775585938,2.99346777344,0.517990234375,0.464499023437,
6.784157,0.133408203125,1.19705957031,-0.578581054687,-2.14415527344,2.99346777344,0.515331054687,0.464499023437,
6.794121,0.13299609375,1.1947890625,-0.580322265625,-2.14041015625,2.99346777344,0.513071289062,0.464499023437,
6.804122,0.132590820312,1.19251855469,-0.5820546875,-2.13652148437,2.99346777344,0.510825195313,0.464499023437,
6.814082,0.132077148438,1.19015234375,-0.583795898438,-2.1326328125,2.99346777344,0.508358398437,0.464499023437,
6.824107,0.131665039062,1.18777832031,-0.585528320313,-2.12859863281,2.99346777344,0.505905273438,0.464499023437,
6.834118,0.131259765625,1.18541210938,-0.587270507813,-2.12456542969,2.99346777344,0.503659179687,0.464499023437,
6.844129,0.130848632813,1.18304492188,-0.5888671875,-2.12038769531,2.99346777344,0.501399414062,0.464499023437,
6.854124,0.130333984375,1.180671875,-0.590456054687,-2.11620996094,2.99346777344,0.499346679688,0.464499023437,
6.864097,0.129921875,1.1783046875,-0.591908203125,-2.11174316406,2.99346777344,0.497513671875,0.464499023437,
6.874086,0.129921875,1.1783046875,-0.591908203125,-2.11174316406,2.99346777344,0.497513671875,0.464499023437,
6.884138,0.129098632813,1.17335839844,-0.59494921875,-2.10223242188,2.99346777344,0.494440429688,0.464499023437,
6.894114,0.128590820312,1.17077929687,-0.596537109375,-2.09747753906,2.99346777344,0.49280078125,0.464499023437,
6.904132,0.128178710937,1.16830371094,-0.597845703125,-2.09257714844,2.99346777344,0.491368164063,0.464499023437,
6.914179,0.1276640625,1.16583300781,-0.5992890625,-2.08782226562,2.99346777344,0.489934570312,0.464499023437,
6.924123,0.127252929687,1.16335742188,-0.60059765625,-2.082921875,2.99346777344,0.488708007813,0.464705078125,
6.934138,0.12673828125,1.16088769531,-0.601897460937,-2.07758984375,2.99346777344,0.487881835938,0.464705078125,
6.944140,0.126333007813,1.15830859375,-0.603206054687,-2.07225683594,2.99346777344,0.487262695312,0.464705078125,
6.954114,0.126333007813,1.15830859375,-0.603206054687,-2.07225683594,2.99346777344,0.487262695312,0.464705078125,
6.964130,0.125407226563,1.15325976563,-0.606102539063,-2.06159082031,2.99346777344,0.486036132813,0.464705078125,
6.974137,0.125407226563,1.15325976563,-0.606102539063,-2.06159082031,2.99346777344,0.486036132813,0.464705078125,
6.984106,0.125407226563,1.15325976563,-0.606102539063,-2.06159082031,2.99346777344,0.486036132813,0.464705078125,
6.994129,0.125407226563,1.15325976563,-0.606102539063,-2.06159082031,2.99346777344,0.486036132813,0.464705078125,
7.004181,0.125407226563,1.15325976563,-0.606102539063,-2.06159082031,2.99346777344,0.486036132813,0.464705078125,
7.014169,0.125407226563,1.15325976563,-0.606102539063,-2.06159082031,2.99346777344,0.486036132813,0.464705078125,
7.024149,0.125407226563,1.15325976563,-0.606102539063,-2.06159082031,2.99346777344,0.486036132813,0.464705078125,
7.034123,0.125407226563,1.15325976563,-0.606102539063,-2.06159082031,2.99346777344,0.486036132813,0.464705078125,
7.044098,0.125407226563,1.15325976563,-0.606102539063,-2.06159082031,2.99346777344,0.486036132813,0.464705078125,
7.054157,0.125407226563,1.15325976563,-0.606102539063,-2.06159082031,2.99346777344,0.486036132813,0.464705078125,
7.064190,0.125407226563,1.15325976563,-0.606102539063,-2.06159082031,2.99346777344,0.486036132813,0.464705078125,
7.074234,0.125407226563,1.15325976563,-0.606102539063,-2.06159082031,2.99346777344,0.486036132813,0.464705078125,
7.084184,0.123251953125,1.14078808594,-0.61247265625,-2.03334765625,2.99346777344,0.485428710938,0.464705078125,
7.094108,0.120376953125,1.12224511719,-0.621017578125,-1.986046875,2.99346777344,0.487068359375,0.464912109375,
7.104104,0.120068359375,1.120078125,-0.621883789062,-1.979703125,2.99346777344,0.487881835938,0.464912109375,
7.114157,0.120068359375,1.120078125,-0.621883789062,-1.979703125,2.99346777344,0.487881835938,0.464912109375,
7.124116,0.119451171875,1.11574902344,-0.623625976562,-1.96730566406,2.99346777344,0.48890234375,0.464912109375,
7.134109,0.119142578125,1.11379394531,-0.62434765625,-1.96139453125,2.99346777344,0.489315429688,0.464912109375,
7.144129,0.118936523437,1.11183203125,-0.62522265625,-1.95533984375,2.99346777344,0.489934570312,0.464912109375,
7.154120,0.118737304688,1.10987695312,-0.625944335937,-1.94898730469,2.99346777344,0.490955078125,0.465118164063,
7.164114,0.11853125,1.10801855469,-0.626522460937,-1.94235546875,2.99346777344,0.492181640625,0.465118164063,
7.174245,0.118325195313,1.10616601562,-0.627244140625,-1.93615625,2.99346777344,0.49280078125,0.465118164063,
7.184109,0.118120117187,1.10451953125,-0.627974609375,-1.93023730469,2.99346777344,0.493213867187,0.465118164063,
7.194117,0.118016601563,1.10286621094,-0.628552734375,-1.92417285156,2.99346777344,0.49402734375,0.465118164063,
7.204113,0.1179140625,1.10121972656,-0.628985351563,-1.91754101562,2.99346777344,0.49525390625,0.465118164063,
7.214102,0.117810546875,1.09957324219,-0.629563476563,-1.91090917969,2.99346777344,0.4966875,0.465325195312,
7.224118,0.11760546875,1.09812597656,-0.63028515625,-1.90455664063,2.99346777344,0.4979140625,0.465325195312,
7.234135,0.11760546875,1.09812597656,-0.63028515625,-1.90455664063,2.99346777344,0.4979140625,0.465325195312,
7.244139,0.117399414062,1.09545019531,-0.63144921875,-1.89229394531,2.99346777344,0.500172851563,0.465325195312,
7.254122,0.117399414062,1.09420898438,-0.631881835938,-1.88580566406,2.99346777344,0.5018125,0.465325195312,
7.264095,0.117399414062,1.09287109375,-0.632459960938,-1.8791640625,2.99346777344,0.503852539063,0.465325195312,
7.274110,0.117399414062,1.09287109375,-0.632459960938,-1.8791640625,2.99346777344,0.503852539063,0.465325195312,
7.284115,0.117296875,1.09091601562,-0.633624023438,-1.86674804687,2.99346777344,0.507131835937,0.465325195312,
7.294109,0.117296875,1.08999023438,-0.634201171875,-1.86068457031,2.99346777344,0.508978515625,0.465325195312,
7.304150,0.117501953125,1.08905761719,-0.634633789063,-1.85419628906,2.99346777344,0.511637695313,0.465325195312,
7.314156,0.117501953125,1.08813085938,-0.635211914062,-1.84755566406,2.99346777344,0.514504882812,0.46553125,
7.324138,0.117501953125,1.08741113281,-0.635942382813,-1.841203125,2.99346777344,0.516970703125,0.46553125,
7.334102,0.117399414062,1.08689648437,-0.6366640625,-1.83528320312,2.99346777344,0.519216796875,0.46553125,
7.344218,0.117501953125,1.08627832031,-0.63738671875,-1.82922851563,2.99346777344,0.522083007813,0.46553125,
7.354127,0.11760546875,1.08576367187,-0.637963867187,-1.82273242188,2.99346777344,0.525362304688,0.46553125,
7.364102,0.11760546875,1.08576367187,-0.637963867187,-1.82273242188,2.99346777344,0.525362304688,0.46553125,
7.374095,0.117501953125,1.08483105469,-0.639416992188,-1.81001757813,2.99346777344,0.53171484375,0.46553125,
7.384140,0.117501953125,1.08462597656,-0.640283203125,-1.80424316406,2.99346777344,0.534581054687,0.46553125,
7.394128,0.117501953125,1.08452246094,-0.641004882813,-1.79832324219,2.99346777344,0.537653320313,0.46553125,
7.404124,0.117501953125,1.08452246094,-0.641004882813,-1.79832324219,2.99346777344,0.537653320313,0.46553125,
7.414132,0.117708007813,1.08411132813,-0.642168945313,-1.78547460938,2.99346777344,0.544612304687,0.46573828125,
7.424124,0.11760546875,1.0840078125,-0.6431796875,-1.77941015625,2.99346777344,0.547685546875,0.46573828125,
7.434156,0.117501953125,1.08411132813,-0.6440546875,-1.77363574219,2.99346777344,0.55033203125,0.46573828125,
7.444126,0.117501953125,1.08411132813,-0.644776367187,-1.7678515625,2.99346777344,0.553405273438,0.46573828125,
7.454110,0.11760546875,1.08421386719,-0.645498046875,-1.76149902344,2.99346777344,0.556890625,0.46573828125,
7.464192,0.11760546875,1.08421386719,-0.645498046875,-1.76149902344,2.99346777344,0.556890625,0.46573828125,
7.474101,0.11760546875,1.08421386719,-0.647384765625,-1.74878515625,2.99346777344,0.563849609375,0.465944335938,
7.484109,0.117501953125,1.08441992187,-0.648250976562,-1.74300976563,2.99346777344,0.566715820313,0.465944335938,
7.494115,0.11760546875,1.08452246094,-0.6491171875,-1.73723535156,2.99346777344,0.56958203125,0.465944335938,
7.504102,0.117708007813,1.08462597656,-0.6499921875,-1.7308828125,2.99346777344,0.573068359375,0.465944335938,
7.514113,0.117810546875,1.08462597656,-0.650858398438,-1.72437695312,2.99346777344,0.576748046875,0.465944335938,
7.524127,0.117810546875,1.08462597656,-0.651877929688,-1.71787109375,2.99367480469,0.58002734375,0.465944335938,
7.534142,0.117708007813,1.08472851562,-0.653033203125,-1.71180664063,2.99367480469,0.582493164062,0.465944335938,
7.544137,0.117810546875,1.08483105469,-0.653899414062,-1.70587890625,2.99346777344,0.585153320313,0.465944335938,
7.554105,0.1179140625,1.08493457031,-0.654918945312,-1.69938183594,2.99346777344,0.588225585937,0.465944335938,
7.564089,0.118016601563,1.08483105469,-0.6559296875,-1.69258691406,2.99346777344,0.5914921875,0.466151367187,
7.574151,0.118016601563,1.08483105469,-0.657084960938,-1.68594628906,2.99367480469,0.594565429688,0.466151367187,
7.584156,0.118016601563,1.08514648438,-0.658248046875,-1.67957519531,2.99367480469,0.597237304688,0.466151367187,
7.594127,0.118120117187,1.08535253906,-0.659403320313,-1.67351171875,2.99367480469,0.599897460937,0.466151367187,
7.604134,0.11822265625,1.08545507813,-0.660567382813,-1.66671679688,2.99346777344,0.603176757813,0.466151367187,
7.614125,0.118325195313,1.08545507813,-0.66172265625,-1.65964257812,2.99346777344,0.606649414062,0.466151367187,
7.624113,0.118325195313,1.08545507813,-0.66317578125,-1.65284765625,2.99367480469,0.609928710938,0.466357421875,
7.634123,0.118325195313,1.08566113281,-0.664619140625,-1.64634179688,2.99367480469,0.612588867188,0.466357421875,
7.644304,0.11853125,1.0858671875,-0.665783203125,-1.63969238281,2.99346777344,0.615455078125,0.466357421875,
7.654134,0.118737304688,1.0858671875,-0.666938476563,-1.63260839844,2.99346777344,0.618734375,0.466784179688,
7.664160,0.118936523437,1.08576367187,-0.668390625,-1.62523632812,2.99367480469,0.622220703125,0.466990234375,
7.674108,0.118936523437,1.0858671875,-0.670123046875,-1.61829785156,2.99367480469,0.625280273438,0.467403320312,
7.684115,0.118936523437,1.0858671875,-0.670123046875,-1.61829785156,2.99367480469,0.625280273438,0.467403320312,
7.694115,0.119451171875,1.08617578125,-0.672884765625,-1.60456347656,2.99346777344,0.630819335937,0.468436523437,
7.704119,0.119759765625,1.08617578125,-0.674328125,-1.59703808594,2.99367480469,0.634291992187,0.469469726563,
7.714128,0.119862304688,1.08627832031,-0.676213867187,-1.58966601562,2.99367480469,0.637365234375,0.471134765625,
7.724142,0.119965820312,1.08638183594,-0.677946289062,-1.58272753906,2.99367480469,0.640024414062,0.474040039062,
7.734115,0.120274414063,1.08658789062,-0.679543945312,-1.57564355469,2.99346777344,0.642890625,0.478390625,
7.744111,0.120274414063,1.08658789062,-0.679543945312,-1.57564355469,2.99346777344,0.642890625,0.478390625,
7.754139,0.120891601563,1.08669042969,-0.682873046875,-1.56030371094,2.99346777344,0.64944921875,0.4906171875,
7.764117,0.120995117188,1.08689648437,-0.684759765625,-1.55307617187,2.99367480469,0.652315429688,0.498080078125,
7.774095,0.121200195312,1.0871015625,-0.686500976562,-1.54599316406,2.99346777344,0.654975585938,0.507000976562,
7.784128,0.12160546875,1.08730761719,-0.688088867187,-1.53832324219,2.99346777344,0.658254882812,0.516529296875,
7.794096,0.1219140625,1.08730761719,-0.689830078125,-1.53022851562,2.99346777344,0.661534179687,0.527310546875,
7.804108,0.122120117188,1.08741113281,-0.691860351563,-1.52269433594,2.99346777344,0.664194335937,0.538916992187,
7.814122,0.122120117188,1.08741113281,-0.691860351563,-1.52269433594,2.99346777344,0.664194335937,0.538916992187,
7.824117,0.122737304688,1.08792480469,-0.695190429688,-1.5075078125,2.99346777344,0.669512695313,0.564209960937,
7.834110,0.123149414063,1.08792480469,-0.696931640625,-1.49926074219,2.99346777344,0.672379882813,0.577275390625,
7.844091,0.12335546875,1.08813085938,-0.698817382813,-1.49159082031,2.99346777344,0.674845703125,0.58930859375,
7.854080,0.123561523438,1.08854296875,-0.70055078125,-1.48435351563,2.99346777344,0.676678710937,0.600088867187,
7.864119,0.124069335937,1.08874804687,-0.702147460938,-1.4765390625,2.99346777344,0.679544921875,0.609849609375,
7.874109,0.124583984375,1.08874804687,-0.703600585937,-1.46829199219,2.99346777344,0.682411132812,0.617932617188,
7.884129,0.124892578125,1.08895410156,-0.705477539062,-1.46062207031,2.99346777344,0.684876953125,0.62394921875,
7.894146,0.125201171875,1.08926269531,-0.70721875,-1.45337597656,2.99346777344,0.6867109375,0.628092773438,
7.904124,0.125201171875,1.08926269531,-0.70721875,-1.45337597656,2.99346777344,0.6867109375,0.628092773438,
7.914134,0.125715820313,1.08946875,-0.70852734375,-1.44570605469,2.99346777344,0.6893828125,0.630791992188,
7.924121,0.126532226562,1.08967480469,-0.711568359375,-1.43022265625,2.99346777344,0.694909179687,0.631630859375,
7.934131,0.126840820312,1.08988671875,-0.71301171875,-1.42312109375,2.99346777344,0.697362304688,0.630998046875,
7.944140,0.12735546875,1.09009277344,-0.71403125,-1.41588378906,2.99346777344,0.700228515625,0.630171875,
7.954126,0.127870117187,1.09009277344,-0.715186523437,-1.40821386719,2.99346777344,0.7035078125,0.629551757812,
7.964097,0.128178710937,1.09009277344,-0.716350585938,-1.40068847656,2.99346777344,0.706374023437,0.629551757812,
7.974113,0.128384765625,1.09029882812,-0.717504882813,-1.39388476562,2.99346777344,0.708620117187,0.629758789063,
7.984133,0.128693359375,1.09050390625,-0.71837109375,-1.38707226563,2.99346777344,0.71129296875,0.629758789063,
7.994109,0.129202148437,1.09050390625,-0.718958007812,-1.37940234375,2.99346777344,0.714352539062,0.629758789063,
8.004150,0.129202148437,1.09050390625,-0.718958007812,-1.37940234375,2.99346777344,0.714352539062,0.629758789063,
8.014112,0.129510742187,1.09040136719,-0.71982421875,-1.37216601562,2.99346777344,0.71721875,0.629758789063,
8.024088,0.129819335938,1.09101855469,-0.7211328125,-1.35913574219,2.99346777344,0.72153125,0.629758789063,
8.034120,0.13023046875,1.09101855469,-0.721421875,-1.35188085938,2.99346777344,0.72419140625,0.629758789063,
8.044117,0.130642578125,1.09101855469,-0.721709960937,-1.3445,2.99346777344,0.726850585937,0.629758789063,
8.054112,0.130642578125,1.09122460937,-0.722288085938,-1.33784082031,2.99346777344,0.728890625,0.629758789063,
8.064112,0.130642578125,1.09153320313,-0.722865234375,-1.33175878906,2.99346777344,0.730530273437,0.629758789063,
8.074095,0.130951171875,1.09173925781,-0.722865234375,-1.3249375,2.99346777344,0.732583007812,0.629758789063,
8.084158,0.131458984375,1.09173925781,-0.723009765625,-1.31770019531,2.99346777344,0.735036132813,0.629758789063,
8.094116,0.131665039062,1.09173925781,-0.723298828125,-1.31059863281,2.99346777344,0.737088867187,0.629758789063,
8.104154,0.131665039062,1.09173925781,-0.723298828125,-1.31059863281,2.99346777344,0.737088867187,0.629758789063,
8.114175,0.131973632812,1.09245996094,-0.723595703125,-1.29800195312,2.99346777344,0.73912890625,0.629758789063,
8.124180,0.131973632812,1.09245996094,-0.723595703125,-1.29800195312,2.99346777344,0.73912890625,0.629758789063,
8.134110,0.132791015625,1.09266503906,-0.723452148438,-1.28408789062,2.99346777344,0.742202148437,0.62996484375,
8.144088,0.13299609375,1.09287109375,-0.723595703125,-1.27727539063,2.99346777344,0.743234375,0.62996484375,
8.154148,0.13299609375,1.09287109375,-0.723595703125,-1.27727539063,2.99346777344,0.743234375,0.62996484375,
8.164117,0.133614257812,1.09369433594,-0.723740234375,-1.26481445313,2.99346777344,0.743841796875,0.629758789063,
8.174106,0.133614257812,1.09369433594,-0.723740234375,-1.26481445313,2.99346777344,0.743841796875,0.629758789063,
8.184103,0.134533203125,1.09400292969,-0.723595703125,-1.25061132812,2.99346777344,0.745494140625,0.62996484375,
8.194096,0.134842773438,1.09441503906,-0.723740234375,-1.24424023438,2.99346777344,0.745494140625,0.62996484375,
8.204115,0.135047851562,1.09493554687,-0.723884765625,-1.23829394531,2.99346777344,0.745081054687,0.62996484375,
8.214122,0.135459960938,1.09545019531,-0.723740234375,-1.23191503906,2.99346777344,0.745287109375,0.62996484375,
8.224117,0.135459960938,1.09545019531,-0.723740234375,-1.23191503906,2.99346777344,0.745287109375,0.62996484375,
8.234114,0.136385742187,1.09596484375,-0.723740234375,-1.218,2.99346777344,0.746926757812,0.630171875,
8.244119,0.136688476562,1.09647949219,-0.723884765625,-1.211765625,2.99346777344,0.746720703125,0.630171875,
8.254126,0.136997070312,1.09709667969,-0.723740234375,-1.20581933594,2.99346777344,0.7463203125,0.630171875,
8.264114,0.136997070312,1.09709667969,-0.723740234375,-1.20581933594,2.99346777344,0.7463203125,0.630171875,
8.274156,0.138026367187,1.09781738281,-0.723740234375,-1.19233789062,2.99346777344,0.747546875,0.630584960938,
8.284121,0.1384375,1.09822851563,-0.723740234375,-1.18566992187,2.99346777344,0.748153320313,0.630584960938,
8.294110,0.13874609375,1.09884667969,-0.723740234375,-1.17973242188,2.99346777344,0.74775390625,0.630584960938,
8.304125,0.139151367188,1.09957324219,-0.723740234375,-1.17392089844,2.99346777344,0.74775390625,0.630584960938,
8.314087,0.139666015625,1.10008789063,-0.723740234375,-1.16755078125,2.99346777344,0.748153320313,0.630584960938,
8.324127,0.140283203125,1.10049902344,-0.723595703125,-1.16072851563,2.99346777344,0.749186523438,0.630584960938,
8.334138,0.140283203125,1.10049902344,-0.723595703125,-1.16072851563,2.99346777344,0.749186523438,0.630584960938,
8.344121,0.141209960937,1.10152832031,-0.723884765625,-1.148546875,2.99346777344,0.749586914062,0.630584960938,
8.354146,0.141717773437,1.10214550781,-0.723740234375,-1.14288964844,2.99346777344,0.749379882813,0.630584960938,
8.364109,0.142232421875,1.10266015625,-0.723740234375,-1.13666308594,2.99346777344,0.74979296875,0.630584960938,
8.374110,0.142849609375,1.10296875,-0.723740234375,-1.13013964844,2.99346777344,0.750813476562,0.630584960938,
8.384115,0.143467773438,1.10327832031,-0.723740234375,-1.12390429687,2.99346777344,0.75101953125,0.630584960938,
8.394151,0.14387890625,1.10379199219,-0.723740234375,-1.11823730469,2.99346777344,0.750813476562,0.630584960938,
8.404142,0.14438671875,1.1042109375,-0.723740234375,-1.11272460938,2.99346777344,0.750413085938,0.630584960938,
8.414099,0.14438671875,1.1042109375,-0.723740234375,-1.11272460938,2.99346777344,0.750413085938,0.630584960938,
8.424091,0.145416015625,1.10472460938,-0.723740234375,-1.10069628906,2.99346777344,0.751846679687,0.630584960938,
8.434089,0.145930664062,1.104828125,-0.723884765625,-1.09430761719,2.99346777344,0.75224609375,0.630584960938,
8.444114,0.1464453125,1.10503417969,-0.723884765625,-1.08864941406,2.99346777344,0.751846679687,0.630584960938,
8.454163,0.146850585938,1.10534277344,-0.723884765625,-1.08328125,2.99346777344,0.7512265625,0.630377929687,
8.464153,0.147365234375,1.1054453125,-0.724029296875,-1.07762304688,2.99346777344,0.75143359375,0.630377929687,
8.474149,0.147982421875,1.10534277344,-0.724029296875,-1.07153222656,2.99346777344,0.752052734375,0.630377929687,
8.484120,0.148497070313,1.10523925781,-0.724173828125,-1.06528808594,2.99346777344,0.75224609375,0.630377929687,
8.494114,0.14901171875,1.10513671875,-0.724318359375,-1.05948632812,2.99346777344,0.752052734375,0.630377929687,
8.504139,0.149313476562,1.10523925781,-0.724461914063,-1.0541171875,2.99346777344,0.7512265625,0.630377929687,
8.514116,0.149725585937,1.10523925781,-0.724606445312,-1.04875683594,2.99346777344,0.750813476562,0.630377929687,
8.524150,0.15013671875,1.10503417969,-0.724895507813,-1.04295507813,2.99346777344,0.7512265625,0.630377929687,
8.534115,0.150548828125,1.10472460938,-0.725184570313,-1.0367109375,2.99346777344,0.751846679687,0.630377929687,
8.544089,0.150857421875,1.10441601563,-0.72547265625,-1.03075585937,2.99346777344,0.751639648437,0.630377929687,
8.554140,0.151063476562,1.1042109375,-0.725915039062,-1.02539550781,2.99346777344,0.750813476562,0.630377929687,
8.564142,0.15126953125,1.10410742187,-0.726348632812,-1.02017089844,2.99346777344,0.75020703125,0.630377929687,
8.574145,0.151474609375,1.10379199219,-0.72678125,-1.01465820312,2.99346777344,0.75020703125,0.630377929687,
8.584117,0.15177734375,1.10338085938,-0.727359375,-1.00855761719,2.99346777344,0.750620117187,0.630377929687,
8.594177,0.151983398438,1.10286621094,-0.727936523438,-1.00245800781,2.99346777344,0.750620117187,0.630377929687,
8.604102,0.151983398438,1.10245507812,-0.728666992187,-0.99665625,2.99346777344,0.75020703125,0.630377929687,
8.614112,0.151983398438,1.10214550781,-0.729389648437,-0.991440429688,2.99346777344,0.749186523438,0.630377929687,
8.624104,0.151983398438,1.101734375,-0.730111328125,-0.986071289062,2.99346777344,0.74898046875,0.630377929687,
8.634092,0.151983398438,1.10121972656,-0.731130859375,-0.980107421875,2.99346777344,0.749379882813,0.630377929687,
8.644249,0.1520859375,1.10049902344,-0.731997070313,-0.974016601563,2.99346777344,0.749586914062,0.630377929687,
8.654121,0.1520859375,1.09967578125,-0.733161132812,-0.96792578125,2.99346777344,0.749379882813,0.630377929687,
8.664116,0.151983398438,1.09905175781,-0.73431640625,-0.962556640625,2.99346777344,0.74856640625,0.630377929687,
8.674164,0.151983398438,1.09905175781,-0.73431640625,-0.962556640625,2.99346777344,0.74856640625,0.630377929687,
8.684153,0.151879882813,1.09771484375,-0.737068359375,-0.9513671875,2.99346777344,0.747947265625,0.630377929687,
8.694105,0.151879882813,1.09678808594,-0.738520507813,-0.945276367187,2.99346777344,0.748360351563,0.630584960938,
8.704145,0.151983398438,1.09565625,-0.740109375,-0.939032226562,2.99346777344,0.74856640625,0.630584960938,
8.714109,0.151879882813,1.09473046875,-0.741850585937,-0.933375,2.99346777344,0.74775390625,0.630584960938,
8.724112,0.151879882813,1.09390039062,-0.743591796875,-0.928141601563,2.99346777344,0.746926757812,0.630584960938,
8.734165,0.151879882813,1.09390039062,-0.743591796875,-0.928141601563,2.99346777344,0.746926757812,0.630584960938,
8.744145,0.151983398438,1.09173925781,-0.74706640625,-0.916672851563,2.99346777344,0.747546875,0.630584960938,
8.754120,0.1520859375,1.09040136719,-0.749096679688,-0.9104375,2.99346777344,0.747947265625,0.630791992188,
8.764139,0.1520859375,1.08905761719,-0.751126953125,-0.904625976562,2.99346777344,0.747947265625,0.630791992188,
8.774097,0.1520859375,1.08782226563,-0.75330078125,-0.899392578125,2.99346777344,0.747340820313,0.630791992188,
8.784129,0.151983398438,1.08658789062,-0.755331054687,-0.89416796875,2.99346777344,0.747133789063,0.630791992188,
8.794307,0.1520859375,1.08514648438,-0.757505859375,-0.888510742188,2.99346777344,0.74775390625,0.630791992188,
8.804143,0.152188476563,1.08359667969,-0.759825195313,-0.88269921875,2.99346777344,0.74856640625,0.630998046875,
8.814091,0.152188476563,1.08205273437,-0.762288085937,-0.876897460937,2.99346777344,0.749379882813,0.630998046875,
8.824131,0.152188476563,1.08205273437,-0.762288085937,-0.876897460937,2.99346777344,0.749379882813,0.630998046875,
8.834107,0.151983398438,1.07926757813,-0.767215820313,-0.866583007812,2.99346777344,0.749586914062,0.630998046875,
8.844101,0.151983398438,1.07783398437,-0.769678710937,-0.861502929687,2.99346777344,0.750413085938,0.630998046875,
8.854110,0.151983398438,1.07639257813,-0.772286132813,-0.855836914062,2.99346777344,0.751639648437,0.631217773437,
8.864108,0.1520859375,1.07474023438,-0.77489453125,-0.850034179687,2.99346777344,0.753073242188,0.631217773437,
8.874149,0.1520859375,1.07319628906,-0.777646484375,-0.844502929687,2.99346777344,0.754299804688,0.631423828125,
8.884137,0.1520859375,1.07175585938,-0.78025390625,-0.839422851562,2.99346777344,0.755319335938,0.631836914062,
8.894097,0.151983398438,1.0706171875,-0.783005859375,-0.834631835938,2.99346777344,0.756751953125,0.63245703125,
8.904097,0.151983398438,1.0693828125,-0.785623046875,-0.8296953125,2.99346777344,0.758598632812,0.633077148437,
8.914105,0.151983398438,1.06804492188,-0.788375,-0.824470703125,2.99346777344,0.761051757813,0.634536132812,
8.924111,0.151983398438,1.06670703125,-0.791126953125,-0.81894921875,2.99367480469,0.763724609375,0.637014648437,
8.934146,0.1520859375,1.06536230469,-0.793879882812,-0.81371484375,2.99367480469,0.766383789063,0.640551757812,
8.944165,0.1520859375,1.06423046875,-0.796631835937,-0.808779296875,2.99367480469,0.768836914062,0.645109375,
8.954121,0.151983398438,1.0633046875,-0.799383789062,-0.804276367187,2.99367480469,0.771497070313,0.651125976563,
8.964106,0.151983398438,1.0633046875,-0.799383789062,-0.804276367187,2.99367480469,0.771497070313,0.651125976563,
8.974130,0.151879882813,1.06124609375,-0.804897460938,-0.794549804688,2.99367480469,0.778869140625,0.666477539062,
8.984122,0.151983398438,1.0602109375,-0.807649414063,-0.789325195313,2.99367480469,0.782961914063,0.6753984375,
8.994133,0.1520859375,1.05928417969,-0.81041015625,-0.784090820312,2.99367480469,0.787067382812,0.685146484375,
9.004156,0.152188476563,1.0584609375,-0.813018554687,-0.779155273438,2.99367480469,0.790953125,0.695100585938,
9.014121,0.152188476563,1.05794628906,-0.815779296875,-0.77465234375,2.99367480469,0.79483984375,0.704861328125,
9.024112,0.152188476563,1.05743164062,-0.81853125,-0.770303710938,2.99346777344,0.798932617187,0.713989257812,
9.034114,0.152188476563,1.05691796875,-0.821139648437,-0.765494140625,2.99346777344,0.803231445313,0.722498046875,
9.044097,0.152291992188,1.05629980469,-0.823891601562,-0.76055859375,2.99346777344,0.80753125,0.7299609375,
9.054114,0.15239453125,1.05578515625,-0.826643554687,-0.755622070312,2.99346777344,0.81184375,0.736403320312,
9.064098,0.152600585938,1.05526464844,-0.829260742188,-0.750831054687,2.99346777344,0.815729492188,0.741592773437,
9.074091,0.152703125,1.05495605469,-0.831723632812,-0.74647265625,2.99346777344,0.819409179688,0.744911132812,
9.084116,0.152600585938,1.05475,-0.834475585938,-0.74239453125,2.99346777344,0.8231015625,0.746783203125,
9.094117,0.152600585938,1.05444140625,-0.836939453125,-0.738333984375,2.99346777344,0.82698828125,0.747196289063,
9.104121,0.152703125,1.0541328125,-0.83940234375,-0.733975585938,2.99346777344,0.830874023438,0.746990234375,
9.114129,0.152806640625,1.05382421875,-0.841721679688,-0.72947265625,2.99346777344,0.8347734375,0.745944335937,
9.124137,0.152806640625,1.05382421875,-0.841721679688,-0.72947265625,2.99346777344,0.8347734375,0.745944335937,
9.134113,0.152909179688,1.05310351562,-0.846215820312,-0.720900390625,2.99346777344,0.842145507812,0.744705078125,
9.144127,0.152909179688,1.05310351562,-0.846215820312,-0.720900390625,2.99346777344,0.842145507812,0.744705078125,
9.154128,0.152703125,1.05279492187,-0.850419921875,-0.713483398437,2.99346777344,0.848291015625,0.744911132812,
9.164107,0.152498046875,1.05258886719,-0.852450195312,-0.70985546875,2.99346777344,0.851350585938,0.745118164062,
9.174106,0.15239453125,1.0523828125,-0.854192382812,-0.70621875,2.99346777344,0.85423046875,0.745118164062,
9.184112,0.15239453125,1.0523828125,-0.854192382812,-0.70621875,2.99346777344,0.85423046875,0.745118164062,
9.194120,0.15239453125,1.05217773438,-0.855635742188,-0.702447265625,2.99346777344,0.857096679688,0.745118164062,
9.204132,0.15239453125,1.051765625,-0.858541015625,-0.69518359375,2.99346777344,0.862622070313,0.74532421875,
9.214136,0.15239453125,1.051765625,-0.858541015625,-0.69518359375,2.99346777344,0.862622070313,0.74532421875,
9.224153,0.152188476563,1.0511484375,-0.861293945313,-0.687911132813,2.99346777344,0.867735351563,0.74532421875,
9.234171,0.151983398438,1.05104492187,-0.8626015625,-0.684716796875,2.99346777344,0.869375,0.74532421875,
9.244167,0.151983398438,1.05104492187,-0.8626015625,-0.684716796875,2.99346777344,0.869375,0.74532421875,
9.254132,0.151674804687,1.05094238281,-0.864623046875,-0.678616210938,2.99346777344,0.872447265625,0.74553125,
9.264114,0.151474609375,1.05083984375,-0.865498046875,-0.6757109375,2.99346777344,0.873880859375,0.74553125,
9.274161,0.15126953125,1.05073632812,-0.866220703125,-0.672516601563,2.99346777344,0.874900390625,0.745737304687,
9.284214,0.15126953125,1.05073632812,-0.866220703125,-0.672516601563,2.99346777344,0.874900390625,0.745737304687,
9.294156,0.151063476562,1.050421875,-0.867384765625,-0.666119140625,2.99346777344,0.87593359375,0.745737304687,
9.304151,0.150857421875,1.05031835938,-0.867961914063,-0.662924804688,2.99346777344,0.876139648438,0.745737304687,
9.314103,0.150857421875,1.05031835938,-0.867961914063,-0.662924804688,2.99346777344,0.876139648438,0.745737304687,
9.324115,0.150754882812,1.05011230469,-0.86839453125,-0.659721679687,2.99346777344,0.87593359375,0.745944335937,
9.334107,0.150240234375,1.05011230469,-0.869125976563,-0.65391015625,2.99346777344,0.874900390625,0.746150390625,
9.344121,0.149931640625,1.05011230469,-0.869125976563,-0.651149414063,2.99346777344,0.874293945313,0.746357421875,
9.354117,0.149623046875,1.05021582031,-0.869415039062,-0.648532226562,2.99346777344,0.873673828125,0.746357421875,
9.364263,0.1492109375,1.05021582031,-0.86955859375,-0.645916015625,2.99346777344,0.872860351562,0.746563476562,
9.374113,0.14901171875,1.05021582031,-0.86955859375,-0.643163085938,2.99346777344,0.871840820312,0.747196289063,
9.384143,0.148805664063,1.05011230469,-0.86955859375,-0.6402578125,2.99346777344,0.870807617187,0.747609375,
9.394156,0.148497070313,1.05011230469,-0.86955859375,-0.637497070313,2.99346777344,0.869581054688,0.748436523438,
9.404192,0.148291015625,1.05000976563,-0.86955859375,-0.63458203125,2.99346777344,0.868561523438,0.750514648438,
9.414213,0.147982421875,1.04990722656,-0.869703125,-0.631676757812,2.99346777344,0.867127929687,0.753833007812,
9.424155,0.147776367188,1.04980371094,-0.869703125,-0.628771484375,2.99346777344,0.86548828125,0.758196289063,
9.434118,0.147571289062,1.04970117188,-0.869703125,-0.626009765625,2.99346777344,0.863642578125,0.76359375,
9.444126,0.147365234375,1.04970117188,-0.869703125,-0.623538085938,2.99346777344,0.861795898438,0.770229492188,
9.454136,0.147365234375,1.04970117188,-0.869703125,-0.623538085938,2.99346777344,0.861795898438,0.770229492188,
9.464183,0.147365234375,1.04970117188,-0.869703125,-0.623538085938,2.99346777344,0.861795898438,0.770229492188,
9.474137,0.146748046875,1.04980371094,-0.870569335937,-0.615985351563,2.99346777344,0.856063476563,0.795560546875,
9.484136,0.146748046875,1.04980371094,-0.870569335937,-0.615985351563,2.99346777344,0.856063476563,0.795560546875,
9.494118,0.146748046875,1.04980371094,-0.870569335937,-0.615985351563,2.99346777344,0.856063476563,0.795560546875,
9.504149,0.146748046875,1.04980371094,-0.870569335937,-0.615985351563,2.99346777344,0.856063476563,0.795560546875,
9.514112,0.146748046875,1.04980371094,-0.870569335937,-0.615985351563,2.99346777344,0.856063476563,0.795560546875,
9.524196,0.146748046875,1.04980371094,-0.870569335937,-0.615985351563,2.99346777344,0.856063476563,0.795560546875,
9.534130,0.146748046875,1.04980371094,-0.870569335937,-0.615985351563,2.99346777344,0.856063476563,0.795560546875,
9.544128,0.146748046875,1.04980371094,-0.870569335937,-0.615985351563,2.99346777344,0.856063476563,0.795560546875,
9.554122,0.146748046875,1.04980371094,-0.870569335937,-0.615985351563,2.99346777344,0.856063476563,0.795560546875,
9.564171,0.146748046875,1.04980371094,-0.870569335937,-0.615985351563,2.99346777344,0.856063476563,0.795560546875,
9.574203,0.146748046875,1.04980371094,-0.870569335937,-0.615985351563,2.99346777344,0.856063476563,0.795560546875,
9.584448,0.146748046875,1.04980371094,-0.870569335937,-0.615985351563,2.99346777344,0.856063476563,0.795560546875,
9.594160,0.147673828125,1.05021582031,-0.877526367187,-0.587787109375,2.99346777344,0.830473632812,0.87049609375,
9.604167,0.147673828125,1.05031835938,-0.8782578125,-0.586189453125,2.99346777344,0.829041015625,0.87049609375,
9.614127,0.147673828125,1.05031835938,-0.8782578125,-0.586189453125,2.99346777344,0.829041015625,0.87049609375,
9.624127,0.147776367188,1.050421875,-0.879268554687,-0.583284179688,2.99346777344,0.826575195313,0.870703125,
9.634138,0.147776367188,1.050421875,-0.879845703125,-0.581831054687,2.99346777344,0.82576171875,0.870909179688,
9.644177,0.147776367188,1.050421875,-0.880143554688,-0.580513671875,2.99346777344,0.824948242187,0.870909179688,
9.654157,0.147776367188,1.050421875,-0.880432617187,-0.579494140625,2.99346777344,0.824328125,0.871116210938,
9.664129,0.147673828125,1.050421875,-0.880576171875,-0.578474609375,2.99346777344,0.824122070312,0.871116210938,
9.674113,0.147571289062,1.05052441406,-0.880720703125,-0.577463867187,2.99346777344,0.824122070312,0.871116210938,
9.684147,0.147467773438,1.05052441406,-0.880720703125,-0.576588867188,2.99346777344,0.824328125,0.871116210938,
9.694187,0.147467773438,1.05052441406,-0.880720703125,-0.576588867188,2.99346777344,0.824328125,0.871116210938,
9.704173,0.147365234375,1.05052441406,-0.880576171875,-0.575857421875,2.99346777344,0.82453515625,0.870909179688,
9.714153,0.147056640625,1.05062695313,-0.880432617187,-0.57455859375,2.99346777344,0.824948242187,0.870909179688,
9.724127,0.146850585938,1.05062695313,-0.880288085937,-0.573971679687,2.99346777344,0.825348632813,0.870909179688,
9.734119,0.14664453125,1.05062695313,-0.880288085937,-0.57339453125,2.99346777344,0.8255546875,0.871116210938,
9.744121,0.146239257812,1.05062695313,-0.880288085937,-0.572952148437,2.99346777344,0.825967773438,0.871116210938,
9.754154,0.145930664062,1.05052441406,-0.880288085937,-0.572375,2.99346777344,0.826380859375,0.871116210938,
9.764148,0.145724609375,1.05052441406,-0.880288085937,-0.571796875,2.99346777344,0.82678125,0.871116210938,
9.774132,0.145313476562,1.05052441406,-0.880288085937,-0.5712109375,2.99346777344,0.82698828125,0.871116210938,
9.784116,0.144901367187,1.05062695313,-0.880288085937,-0.57077734375,2.99346777344,0.827194335938,0.871116210938,
9.794124,0.144490234375,1.05062695313,-0.880288085937,-0.57019140625,2.99346777344,0.827401367188,0.871322265625,
9.804142,0.144078125,1.05073632812,-0.880432617187,-0.56961328125,2.99346777344,0.827401367188,0.871322265625,
9.814117,0.143672851563,1.05073632812,-0.880432617187,-0.569036132812,2.99346777344,0.827401367188,0.871322265625,
9.824162,0.143672851563,1.05073632812,-0.880432617187,-0.569036132812,2.99346777344,0.827401367188,0.871322265625,
9.834170,0.142747070313,1.05094238281,-0.880432617187,-0.567872070312,2.99346777344,0.82678125,0.871529296875,
9.844115,0.142232421875,1.05094238281,-0.880432617187,-0.56728515625,2.99346777344,0.826575195313,0.871529296875,
9.854092,0.142232421875,1.05094238281,-0.880432617187,-0.56728515625,2.99346777344,0.826575195313,0.871529296875,
9.864308,0.141615234375,1.0511484375,-0.880432617187,-0.566852539062,2.99346777344,0.826575195313,0.871529296875,
9.874153,0.14038671875,1.05135449219,-0.880432617187,-0.565543945312,2.99346777344,0.826380859375,0.871529296875,
9.884127,0.13976953125,1.05145703125,-0.880432617187,-0.565111328125,2.99346777344,0.826174804688,0.871529296875,
9.894136,0.139151367188,1.05155957031,-0.880576171875,-0.564379882812,2.99346777344,0.825967773438,0.871322265625,
9.904115,0.1384375,1.05166308594,-0.880576171875,-0.563658203125,2.99346777344,0.8255546875,0.871322265625,
9.914140,0.1384375,1.05166308594,-0.880576171875,-0.563658203125,2.99346777344,0.8255546875,0.871322265625,
9.924131,0.137203125,1.05186816406,-0.880576171875,-0.562494140625,2.99346777344,0.82453515625,0.871322265625,
9.934127,0.136584960937,1.05197167969,-0.880576171875,-0.561763671875,2.99346777344,0.824122070312,0.871322265625,
9.944110,0.135974609375,1.05207421875,-0.880576171875,-0.561041015625,2.99346777344,0.82330859375,0.871322265625,
9.954102,0.135357421875,1.05217773438,-0.880576171875,-0.560310546875,2.99346777344,0.822688476562,0.871529296875,
9.964375,0.134739257813,1.05228027344,-0.880576171875,-0.559588867188,2.99346777344,0.821875,0.871529296875,
9.974117,0.134739257813,1.05228027344,-0.880576171875,-0.559588867188,2.99346777344,0.821875,0.871529296875,
9.984140,0.133408203125,1.05258886719,-0.880576171875,-0.558135742187,2.99346777344,0.819822265625,0.871529296875,
9.994129,0.132791015625,1.05279492187,-0.880576171875,-0.557405273438,2.99346777344,0.819008789062,0.871735351563,
10.004118,0.132282226562,1.05289746094,-0.880720703125,-0.556682617188,2.99346777344,0.8179765625,0.871735351563,
10.014118,0.131767578125,1.05310351562,-0.880720703125,-0.556096679687,2.99346777344,0.817163085937,0.871735351563,
10.024096,0.131157226563,1.05320605469,-0.880720703125,-0.555375,2.99346777344,0.816142578125,0.871735351563,
10.034135,0.130745117188,1.05341210937,-0.880720703125,-0.554788085937,2.99346777344,0.815110351563,0.871735351563,
10.044126,0.130333984375,1.05361816406,-0.880720703125,-0.55406640625,2.99346777344,0.81408984375,0.871735351563,
10.054159,0.129819335938,1.05382421875,-0.880720703125,-0.553326171875,2.99346777344,0.813276367187,0.871735351563,
10.064143,0.129510742187,1.05402929688,-0.880720703125,-0.552749023437,2.99346777344,0.812243164062,0.871735351563,
10.074120,0.129202148437,1.0541328125,-0.880720703125,-0.551874023438,2.99346777344,0.811430664062,0.871735351563,
10.084128,0.128892578125,1.05433886719,-0.880720703125,-0.551151367188,2.99346777344,0.81041015625,0.871735351563,
10.094129,0.128590820312,1.05454394531,-0.880865234375,-0.550420898437,2.99346777344,0.809583984375,0.871735351563,
10.104119,0.128487304687,1.05464746094,-0.880720703125,-0.54941015625,2.99346777344,0.808770507813,0.871735351563,
10.114112,0.128282226562,1.05485253906,-0.880720703125,-0.54853515625,2.99346777344,0.807944335938,0.871942382813,
10.124128,0.127973632812,1.05505859375,-0.880865234375,-0.547659179687,2.99346777344,0.807130859375,0.871942382813,
10.134109,0.127973632812,1.05516210938,-0.880865234375,-0.54679296875,2.99346777344,0.806510742187,0.871942382813,
10.144121,0.127973632812,1.05526464844,-0.880720703125,-0.545629882813,2.99346777344,0.805904296875,0.872161132812,
10.154160,0.127973632812,1.05526464844,-0.880720703125,-0.544465820313,2.99346777344,0.805284179687,0.872161132812,
10.164181,0.127973632812,1.0553671875,-0.880865234375,-0.543157226562,2.99346777344,0.80487109375,0.872161132812,
10.174152,0.128076171875,1.0553671875,-0.880865234375,-0.541848632812,2.99346777344,0.804471679687,0.872368164062,
10.184115,0.128178710937,1.0553671875,-0.880865234375,-0.540395507813,2.99346777344,0.804264648438,0.872368164062,
10.194107,0.128282226562,1.0553671875,-0.880865234375,-0.538943359375,2.99346777344,0.80405859375,0.872368164062,
10.204125,0.128282226562,1.0553671875,-0.881009765625,-0.537490234375,2.99346777344,0.80405859375,0.872575195313,
10.214153,0.128282226562,1.0553671875,-0.881154296875,-0.536181640625,2.99346777344,0.80405859375,0.87278125,
10.224130,0.128384765625,1.0553671875,-0.881298828125,-0.534729492187,2.99346777344,0.80405859375,0.87278125,
10.234118,0.128384765625,1.0553671875,-0.881298828125,-0.533420898437,2.99346777344,0.80405859375,0.87298828125,
10.244119,0.128384765625,1.05547070312,-0.881442382812,-0.532112304688,2.99346777344,0.80405859375,0.873194335937,
10.254162,0.128282226562,1.05547070312,-0.881442382812,-0.530948242188,2.99346777344,0.8038515625,0.873607421875,
10.264167,0.128282226562,1.05557324219,-0.881442382812,-0.52979296875,2.99346777344,0.8038515625,0.874020507812,
10.274172,0.128282226562,1.05557324219,-0.881442382812,-0.52862890625,2.99346777344,0.80405859375,0.87443359375,
10.284120,0.128178710937,1.05557324219,-0.881442382812,-0.52746484375,2.99346777344,0.80405859375,0.874860351562,
10.294099,0.128178710937,1.05557324219,-0.881586914063,-0.5264453125,2.99346777344,0.8038515625,0.8752734375,
10.304091,0.128178710937,1.05557324219,-0.881586914063,-0.525561523437,2.99346777344,0.8038515625,0.875686523437,
10.314103,0.128178710937,1.05557324219,-0.881731445313,-0.5246953125,2.99346777344,0.80364453125,0.876305664062,
10.324137,0.128282226562,1.05557324219,-0.881731445313,-0.523819335937,2.99346777344,0.80364453125,0.8773515625,
10.334150,0.128384765625,1.05557324219,-0.881875976563,-0.52309765625,2.99346777344,0.80364453125,0.87941796875,
10.344136,0.128384765625,1.05557324219,-0.882020507812,-0.52222265625,2.99326171875,0.80364453125,0.882749023437,
10.354117,0.128487304687,1.05557324219,-0.882318359375,-0.521500976563,2.99326171875,0.803438476563,0.887112304688,
10.364096,0.128590820312,1.05567578125,-0.882606445312,-0.52076953125,2.99326171875,0.803231445313,0.892302734375,
10.374150,0.128590820312,1.05567578125,-0.882606445312,-0.52076953125,2.99326171875,0.803231445313,0.892302734375,
10.384116,0.128796875,1.05588867188,-0.883329101562,-0.519172851563,2.99326171875,0.803038085938,0.906208007812,
10.394109,0.128892578125,1.05599121094,-0.88390625,-0.51844140625,2.99326171875,0.802625,0.914522460938,
10.404112,0.128892578125,1.05619726563,-0.884493164063,-0.517719726562,2.99326171875,0.802004882813,0.923030273437,
10.414094,0.12899609375,1.05629980469,-0.8850703125,-0.516989257813,2.99326171875,0.80119140625,0.931138671875,
10.424108,0.129098632813,1.05650585938,-0.885791992188,-0.516267578125,2.99326171875,0.800572265625,0.938407226562,
10.434111,0.129202148437,1.05660839844,-0.8865234375,-0.515536132812,2.99326171875,0.799758789062,0.944217773438,
10.444155,0.129202148437,1.05660839844,-0.8865234375,-0.515536132812,2.99326171875,0.799758789062,0.944217773438,
10.454117,0.129510742187,1.05691796875,-0.888111328125,-0.514083984375,2.99326171875,0.798325195313,0.951486328125,
10.464120,0.12961328125,1.05702050781,-0.889130859375,-0.513361328125,2.99326171875,0.797706054687,0.952725585938,
10.474118,0.12961328125,1.05702050781,-0.889130859375,-0.513361328125,2.99326171875,0.797706054687,0.952725585938,
10.484093,0.129819335938,1.05712304687,-0.891016601562,-0.511909179688,2.99326171875,0.796479492188,0.9516796875,
10.494121,0.129819335938,1.05712304687,-0.892171875,-0.511177734375,2.99326171875,0.79606640625,0.949821289062,
10.504112,0.129819335938,1.05712304687,-0.89319140625,-0.510456054687,2.99326171875,0.795859375,0.9477421875,
10.514093,0.129715820313,1.05712304687,-0.894202148438,-0.509725585937,2.99326171875,0.795666015625,0.94525,
10.524110,0.12961328125,1.05702050781,-0.895221679687,-0.509291992187,2.99326171875,0.795666015625,0.942758789062,
10.534092,0.129407226563,1.05702050781,-0.896376953125,-0.508849609375,2.99326171875,0.795458984375,0.940266601562,
10.544112,0.129202148437,1.05691796875,-0.897251953125,-0.508416992188,2.99326171875,0.795458984375,0.937981445313,
10.554188,0.129098632813,1.05681445313,-0.898118164063,-0.507838867188,2.99326171875,0.795458984375,0.936122070313,
10.564147,0.12899609375,1.05671191406,-0.898984375,-0.507397460938,2.99326171875,0.795666015625,0.935076171875,
10.574153,0.128796875,1.05660839844,-0.899859375,-0.506963867187,2.99326171875,0.795458984375,0.934663085938,
10.584140,0.128693359375,1.05640332031,-0.900581054688,-0.50653125,2.99326171875,0.795458984375,0.934870117188,
10.594103,0.128590820312,1.05629980469,-0.901159179688,-0.506088867188,2.99326171875,0.795252929688,0.935283203125,
10.604120,0.128487304687,1.05629980469,-0.901745117187,-0.505655273438,2.99326171875,0.795252929688,0.935916015625,
10.614115,0.128282226562,1.05619726563,-0.902178710938,-0.5053671875,2.99326171875,0.795252929688,0.93653515625,
10.624113,0.128178710937,1.05619726563,-0.902467773437,-0.50493359375,2.99326171875,0.795045898437,0.936948242187,
10.634144,0.127973632812,1.05619726563,-0.902755859375,-0.504635742187,2.99326171875,0.795045898437,0.937155273438,
10.644178,0.127767578125,1.05619726563,-0.902900390625,-0.50434765625,2.99326171875,0.795045898437,0.937362304688,
10.654138,0.1276640625,1.05619726563,-0.902900390625,-0.5039140625,2.99326171875,0.795045898437,0.937362304688,
10.664109,0.127561523437,1.05619726563,-0.902900390625,-0.50376953125,2.99326171875,0.795045898437,0.937362304688,
10.674118,0.12735546875,1.05629980469,-0.902900390625,-0.503471679687,2.99326171875,0.795045898437,0.937362304688,
10.684108,0.127046875,1.05640332031,-0.902900390625,-0.503327148438,2.99326171875,0.795045898437,0.937362304688,
10.694119,0.127046875,1.05640332031,-0.902900390625,-0.503327148438,2.99326171875,0.795045898437,0.937362304688,
10.704096,0.1264296875,1.05640332031,-0.902900390625,-0.50289453125,2.99326171875,0.795045898437,0.937568359375,
10.714081,0.1264296875,1.05640332031,-0.902900390625,-0.50289453125,2.99326171875,0.795045898437,0.937568359375,
10.724130,0.125612304688,1.05650585938,-0.902900390625,-0.50260546875,2.99326171875,0.795045898437,0.937568359375,
10.734113,0.125201171875,1.05650585938,-0.902900390625,-0.5024609375,2.99326171875,0.79483984375,0.937568359375,
10.744112,0.124686523438,1.05650585938,-0.902900390625,-0.502317382813,2.99326171875,0.79483984375,0.937568359375,
10.754104,0.124171875,1.05650585938,-0.902900390625,-0.502172851563,2.99326171875,0.7946328125,0.937362304688,
10.764110,0.123766601562,1.05650585938,-0.902900390625,-0.50201953125,2.99326171875,0.7946328125,0.937362304688,
10.774090,0.123149414063,1.05650585938,-0.902900390625,-0.50201953125,2.99326171875,0.7946328125,0.937362304688,
10.784132,0.123149414063,1.05650585938,-0.902900390625,-0.50201953125,2.99326171875,0.7946328125,0.937362304688,
10.794119,0.122120117188,1.05650585938,-0.903044921875,-0.501875,2.99326171875,0.794426757813,0.937362304688,
10.804107,0.121502929687,1.05650585938,-0.903044921875,-0.501875,2.99326171875,0.794426757813,0.937362304688,
10.814165,0.120995117188,1.05650585938,-0.903044921875,-0.50173046875,2.99326171875,0.794426757813,0.937362304688,
10.824149,0.120376953125,1.05650585938,-0.903044921875,-0.5015859375,2.99326171875,0.794232421875,0.937362304688,
10.834111,0.120376953125,1.05650585938,-0.903044921875,-0.5015859375,2.99326171875,0.794232421875,0.937362304688,
10.844120,0.119245117187,1.05650585938,-0.903189453125,-0.50144140625,2.99326171875,0.794026367187,0.937362304688,
10.854130,0.118833984375,1.05660839844,-0.903189453125,-0.50144140625,2.99326171875,0.793819335937,0.937362304688,
10.864095,0.118325195313,1.05660839844,-0.903189453125,-0.50144140625,2.99326171875,0.79340625,0.937362304688,
10.874097,0.1179140625,1.05650585938,-0.903189453125,-0.501296875,2.99326171875,0.793200195312,0.937362304688,
10.884110,0.117501953125,1.05650585938,-0.903189453125,-0.501296875,2.99326171875,0.792799804687,0.937362304688,
10.894103,0.117090820312,1.05650585938,-0.903333984375,-0.501296875,2.99326171875,0.7921796875,0.937362304688,
10.904102,0.116782226562,1.05650585938,-0.903333984375,-0.501296875,2.99326171875,0.791766601563,0.937362304688,
10.914113,0.116576171875,1.05650585938,-0.903333984375,-0.501296875,2.99326171875,0.791366210938,0.937362304688,
10.924124,0.116267578125,1.05650585938,-0.903189453125,-0.501296875,2.99326171875,0.790747070313,0.937362304688,
10.934108,0.116267578125,1.05650585938,-0.903189453125,-0.501296875,2.99326171875,0.790747070313,0.937362304688,
10.944108,0.11596484375,1.05650585938,-0.903333984375,-0.501296875,2.99326171875,0.789520507813,0.937362304688,
10.954132,0.115862304688,1.05650585938,-0.903333984375,-0.50144140625,2.99326171875,0.788900390625,0.937362304688,
10.964138,0.115862304688,1.05640332031,-0.903333984375,-0.50144140625,2.99326171875,0.788293945312,0.937362304688,
10.974143,0.115862304688,1.05640332031,-0.903189453125,-0.50144140625,2.99326171875,0.787673828125,0.937362304688,
10.984135,0.115862304688,1.05640332031,-0.903189453125,-0.50144140625,2.99326171875,0.787067382812,0.937362304688,
10.994115,0.11596484375,1.05629980469,-0.903333984375,-0.50144140625,2.99326171875,0.786654296875,0.937362304688,
11.004109,0.116068359375,1.05629980469,-0.903333984375,-0.50144140625,2.99326171875,0.786034179688,0.937362304688,
11.014140,0.116068359375,1.05629980469,-0.903333984375,-0.50144140625,2.99326171875,0.785633789063,0.937362304688,
11.024103,0.116068359375,1.05619726563,-0.903333984375,-0.5015859375,2.99326171875,0.785220703125,0.937362304688,
11.034096,0.116170898438,1.05619726563,-0.903477539062,-0.5015859375,2.99326171875,0.785014648438,0.937362304688,
11.044118,0.116170898438,1.05619726563,-0.903477539062,-0.5015859375,2.99326171875,0.784807617188,0.937362304688,
11.054098,0.116170898438,1.05609472656,-0.903477539062,-0.5015859375,2.99326171875,0.78439453125,0.937362304688,
11.064113,0.116170898438,1.05609472656,-0.903477539062,-0.5015859375,2.99326171875,0.784188476563,0.937362304688,
11.074134,0.116170898438,1.05599121094,-0.903477539062,-0.5015859375,2.99326171875,0.783994140625,0.937362304688,
11.084115,0.116170898438,1.05599121094,-0.903477539062,-0.5015859375,2.99326171875,0.783994140625,0.937362304688,
11.094121,0.116170898438,1.05588867188,-0.903477539062,-0.5015859375,2.99326171875,0.783788085938,0.937362304688,
11.104120,0.116170898438,1.05588867188,-0.903333984375,-0.5015859375,2.99326171875,0.783581054687,0.937362304688,
11.114112,0.116170898438,1.05578515625,-0.903333984375,-0.5015859375,2.99326171875,0.783375,0.937362304688,
11.124103,0.116170898438,1.05567578125,-0.903333984375,-0.5015859375,2.99326171875,0.78316796875,0.937362304688,
11.134148,0.116068359375,1.05557324219,-0.903333984375,-0.5015859375,2.99326171875,0.782961914063,0.937362304688,
11.144110,0.116068359375,1.05547070312,-0.903333984375,-0.5015859375,2.99326171875,0.782961914063,0.937362304688,
11.154168,0.116068359375,1.05547070312,-0.903333984375,-0.5015859375,2.99326171875,0.782961914063,0.937362304688,
11.164103,0.116068359375,1.05526464844,-0.903333984375,-0.5015859375,2.99326171875,0.782754882813,0.937362304688,
11.174109,0.116068359375,1.05516210938,-0.903333984375,-0.5015859375,2.99326171875,0.782754882813,0.937362304688,
11.184103,0.116068359375,1.05516210938,-0.903333984375,-0.50173046875,2.99326171875,0.782754882813,0.937155273438,
11.194110,0.116170898438,1.05505859375,-0.903333984375,-0.50173046875,2.99326171875,0.782754882813,0.937155273438,
11.204118,0.116170898438,1.05505859375,-0.903333984375,-0.50173046875,2.99326171875,0.782754882813,0.937155273438,
11.214124,0.116267578125,1.05495605469,-0.903333984375,-0.501875,2.9930546875,0.782754882813,0.937155273438,
11.224106,0.116267578125,1.05485253906,-0.903477539062,-0.501875,2.9930546875,0.782754882813,0.937155273438,
11.234089,0.116370117187,1.05485253906,-0.903477539062,-0.50173046875,2.9930546875,0.782754882813,0.937155273438,
11.244139,0.116473632813,1.05485253906,-0.903477539062,-0.50173046875,2.9930546875,0.782561523437,0.937155273438,
11.254099,0.116473632813,1.05485253906,-0.903477539062,-0.50173046875,2.9930546875,0.782561523437,0.937155273438,
11.264118,0.116473632813,1.05485253906,-0.903477539062,-0.50173046875,2.9930546875,0.782561523437,0.937155273438,
11.274120,0.116576171875,1.05495605469,-0.903477539062,-0.50173046875,2.9930546875,0.782561523437,0.937155273438,
11.284109,0.116576171875,1.05495605469,-0.903477539062,-0.5015859375,2.9930546875,0.782354492187,0.937155273438,
11.294082,0.116473632813,1.05505859375,-0.903477539062,-0.5015859375,2.9930546875,0.7821484375,0.937155273438,
11.304135,0.116473632813,1.05505859375,-0.903477539062,-0.5015859375,2.9930546875,0.7821484375,0.937155273438,
11.314121,0.116473632813,1.05516210938,-0.903477539062,-0.50144140625,2.9930546875,0.78194140625,0.937155273438,
11.324134,0.116370117187,1.05526464844,-0.903477539062,-0.50144140625,2.9930546875,0.78194140625,0.937155273438,
11.334094,0.116370117187,1.0553671875,-0.903333984375,-0.50144140625,2.9930546875,0.78194140625,0.937155273438,
11.344103,0.116370117187,1.0553671875,-0.903333984375,-0.50144140625,2.9930546875,0.78194140625,0.937155273438,
11.354124,0.116370117187,1.05547070312,-0.903333984375,-0.50144140625,2.9930546875,0.781735351562,0.937155273438,
11.364138,0.116370117187,1.05547070312,-0.903333984375,-0.50144140625,2.9930546875,0.781735351562,0.937155273438,
11.374144,0.116370117187,1.05557324219,-0.903333984375,-0.50144140625,2.9930546875,0.781735351562,0.937155273438,
11.384114,0.116370117187,1.05567578125,-0.903333984375,-0.50144140625,2.9930546875,0.781735351562,0.937155273438,
11.394117,0.116370117187,1.05567578125,-0.903333984375,-0.50144140625,2.9930546875,0.78194140625,0.937155273438,
11.404113,0.116370117187,1.05567578125,-0.903333984375,-0.50144140625,2.9930546875,0.78194140625,0.937155273438,
11.414129,0.116370117187,1.05588867188,-0.903333984375,-0.50144140625,2.99264160156,0.781735351562,0.937155273438,
11.424139,0.116370117187,1.05599121094,-0.903333984375,-0.50144140625,2.99243554687,0.781735351562,0.937155273438,
11.434385,0.116473632813,1.05609472656,-0.903333984375,-0.50144140625,2.99222851562,0.781735351562,0.937155273438,
11.444103,0.116473632813,1.05619726563,-0.903333984375,-0.50144140625,2.99181542969,0.781735351562,0.937155273438,
11.454095,0.116473632813,1.05629980469,-0.903333984375,-0.50144140625,2.99140234375,0.781735351562,0.937155273438,
11.464085,0.116370117187,1.05650585938,-0.903189453125,-0.50144140625,2.99057617187,0.781735351562,0.937155273438,
11.474100,0.116370117187,1.05671191406,-0.903189453125,-0.501296875,2.98995605469,0.781528320312,0.937155273438,
11.484104,0.116370117187,1.05691796875,-0.903189453125,-0.501153320313,2.98912988281,0.781528320312,0.937155273438,
11.494101,0.116370117187,1.05712304687,-0.903189453125,-0.501153320313,2.98830371094,0.781322265625,0.937155273438,
11.504111,0.116267578125,1.05732910156,-0.903189453125,-0.501153320313,2.9872578125,0.781322265625,0.937155273438,
11.514118,0.116267578125,1.05753515625,-0.903189453125,-0.501008789063,2.98643164063,0.781322265625,0.937155273438,
11.524110,0.116267578125,1.05763769531,-0.903189453125,-0.501008789063,2.98560546875,0.781127929688,0.937155273438,
11.534103,0.116267578125,1.05784375,-0.903189453125,-0.500864257812,2.98457226563,0.780921875,0.937155273438,
11.544131,0.116370117187,1.05804980469,-0.903189453125,-0.500864257812,2.9835390625,0.780921875,0.937155273438,
11.554119,0.116370117187,1.05825585937,-0.903189453125,-0.500864257812,2.98250683594,0.78071484375,0.937155273438,
11.564104,0.116370117187,1.0584609375,-0.903189453125,-0.5007109375,2.98166699219,0.780508789062,0.937155273438,
11.574104,0.116370117187,1.05856445313,-0.903189453125,-0.5007109375,2.98084082031,0.780508789062,0.937155273438,
11.584109,0.116370117187,1.05876953125,-0.903189453125,-0.5007109375,2.98001464844,0.780301757812,0.937155273438,
11.594127,0.116370117187,1.05887304688,-0.903189453125,-0.50056640625,2.97939453125,0.780301757812,0.937155273438,
11.604156,0.116370117187,1.05887304688,-0.903189453125,-0.50056640625,2.97877539063,0.780301757812,0.937155273438,
11.614117,0.116370117187,1.05897558594,-0.903189453125,-0.500421875,2.97815527344,0.780095703125,0.937155273438,
11.624113,0.116370117187,1.05897558594,-0.903189453125,-0.50027734375,2.9777421875,0.780095703125,0.937155273438,
11.634113,0.116370117187,1.05897558594,-0.903189453125,-0.50027734375,2.97753613281,0.779888671875,0.937155273438,
11.644097,0.116267578125,1.05897558594,-0.903189453125,-0.50027734375,2.97732910156,0.779888671875,0.937155273438,
11.654106,0.116267578125,1.05897558594,-0.903044921875,-0.500133789062,2.97732910156,0.779888671875,0.937155273438,
11.664110,0.116267578125,1.05897558594,-0.903044921875,-0.500133789062,2.97732910156,0.779888671875,0.937155273438,
11.674124,0.116267578125,1.05897558594,-0.903044921875,-0.500133789062,2.97732910156,0.7796953125,0.937155273438,
11.684100,0.116267578125,1.05897558594,-0.903044921875,-0.500133789062,2.97753613281,0.7796953125,0.937155273438,
11.694101,0.116170898438,1.05897558594,-0.903044921875,-0.500133789062,2.97732910156,0.7796953125,0.937155273438,
11.704117,0.116170898438,1.05897558594,-0.903044921875,-0.500133789062,2.97732910156,0.7796953125,0.937155273438,
11.714100,0.116170898438,1.05897558594,-0.903044921875,-0.500133789062,2.97732910156,0.7796953125,0.937155273438,
11.724097,0.116170898438,1.05897558594,-0.903044921875,-0.499989257812,2.97753613281,0.7796953125,0.937155273438,
11.734092,0.116170898438,1.05907910156,-0.903044921875,-0.499989257812,2.97753613281,0.7796953125,0.937155273438,
11.744112,0.116170898438,1.05918164063,-0.903044921875,-0.499989257812,2.97753613281,0.7796953125,0.937155273438,
11.754089,0.116267578125,1.05928417969,-0.903044921875,-0.499989257812,2.97753613281,0.7796953125,0.937155273438,
11.764110,0.116267578125,1.05938769531,-0.903044921875,-0.499844726563,2.97753613281,0.7796953125,0.937155273438,
11.774120,0.116267578125,1.05949023437,-0.903044921875,-0.499844726563,2.97753613281,0.7796953125,0.937155273438,
11.784116,0.116370117187,1.05959277344,-0.903044921875,-0.499700195312,2.97732910156,0.7796953125,0.937155273438,
11.794100,0.116370117187,1.05969628906,-0.903189453125,-0.499700195312,2.97732910156,0.7796953125,0.937155273438,
11.804106,0.116370117187,1.05979882812,-0.903189453125,-0.499555664063,2.97732910156,0.7796953125,0.937155273438,
11.814112,0.116473632813,1.05990234375,-0.903189453125,-0.499411132812,2.97732910156,0.7796953125,0.937155273438,
11.824109,0.116473632813,1.06000488281,-0.903189453125,-0.4992578125,2.97732910156,0.7796953125,0.937155273438,
11.834108,0.116473632813,1.0602109375,-0.903189453125,-0.49911328125,2.97732910156,0.7796953125,0.937155273438,
11.844122,0.116473632813,1.06031347656,-0.903189453125,-0.498969726562,2.97732910156,0.7796953125,0.937155273438,
11.854130,0.116473632813,1.06051953125,-0.903189453125,-0.498825195313,2.97732910156,0.77948828125,0.937155273438,
11.864158,0.116473632813,1.06062207031,-0.903189453125,-0.498825195313,2.97732910156,0.77948828125,0.937155273438,
11.874110,0.116473632813,1.06083496094,-0.903189453125,-0.498680664063,2.97732910156,0.77948828125,0.937155273438,
11.884091,0.116473632813,1.0609375,-0.903189453125,-0.498680664063,2.97732910156,0.77948828125,0.937155273438,
11.894093,0.116473632813,1.06104003906,-0.903189453125,-0.498680664063,2.97732910156,0.77948828125,0.937155273438,
11.904114,0.116473632813,1.06114355469,-0.903189453125,-0.498680664063,2.97732910156,0.77948828125,0.937155273438,
11.914098,0.116473632813,1.06124609375,-0.903189453125,-0.498680664063,2.97732910156,0.77948828125,0.937155273438,
11.924092,0.116576171875,1.06134863281,-0.903189453125,-0.498680664063,2.97732910156,0.77948828125,0.937155273438,
11.934116,0.116576171875,1.06134863281,-0.903189453125,-0.498680664063,2.97732910156,0.77948828125,0.937155273438,
11.944109,0.116576171875,1.06134863281,-0.903189453125,-0.498680664063,2.97732910156,0.77948828125,0.937155273438,
11.954115,0.116576171875,1.06134863281,-0.903333984375,-0.498680664063,2.97732910156,0.77948828125,0.937155273438,
11.964100,0.116678710937,1.06134863281,-0.903333984375,-0.498680664063,2.97732910156,0.77948828125,0.937155273438,
11.974110,0.116678710937,1.06134863281,-0.903333984375,-0.498680664063,2.97732910156,0.77948828125,0.937155273438,
11.984095,0.116678710937,1.06134863281,-0.903333984375,-0.498680664063,2.97732910156,0.77948828125,0.937155273438,
11.994088,0.116782226562,1.06134863281,-0.903333984375,-0.498825195313,2.97712304688,0.77948828125,0.937155273438,
12.004084,0.116782226562,1.06134863281,-0.903333984375,-0.498825195313,2.97712304688,0.77948828125,0.937155273438,
12.014153,0.116782226562,1.06134863281,-0.903333984375,-0.498825195313,2.97712304688,0.77948828125,0.937155273438,
12.024134,0.116782226562,1.06124609375,-0.903333984375,-0.498825195313,2.97712304688,0.77948828125,0.937155273438,
12.034180,0.116782226562,1.06124609375,-0.903333984375,-0.498825195313,2.97712304688,0.77948828125,0.937155273438,
12.044140,0.116884765625,1.06124609375,-0.903333984375,-0.498825195313,2.97712304688,0.77948828125,0.937155273438,
12.054129,0.116987304688,1.06114355469,-0.903189453125,-0.498680664063,2.97732910156,0.77948828125,0.937155273438,
12.064140,0.117090820312,1.06114355469,-0.903333984375,-0.498680664063,2.97732910156,0.77948828125,0.937155273438,
12.074113,0.117090820312,1.06114355469,-0.903333984375,-0.498680664063,2.97732910156,0.77948828125,0.937155273438,
12.084172,0.117193359375,1.06114355469,-0.903333984375,-0.498680664063,2.97732910156,0.77948828125,0.937155273438,
12.094120,0.117193359375,1.06114355469,-0.903333984375,-0.498680664063,2.97712304688,0.77948828125,0.937155273438,
12.104105,0.117193359375,1.06114355469,-0.903477539062,-0.498825195313,2.97712304688,0.77948828125,0.937155273438,
12.114116,0.117193359375,1.06114355469,-0.903477539062,-0.498825195313,2.97712304688,0.77948828125,0.937155273438,
12.124109,0.117193359375,1.06114355469,-0.903477539062,-0.498825195313,2.97712304688,0.7796953125,0.937155273438,
12.134156,0.117193359375,1.06114355469,-0.903477539062,-0.498825195313,2.97712304688,0.77948828125,0.937155273438,
12.144122,0.117193359375,1.06114355469,-0.903477539062,-0.498825195313,2.97712304688,0.77948828125,0.937155273438,
12.154163,0.117193359375,1.06114355469,-0.903333984375,-0.498825195313,2.97712304688,0.77948828125,0.937155273438,
12.164142,0.117090820312,1.06114355469,-0.903333984375,-0.498825195313,2.97732910156,0.77948828125,0.937155273438,
12.174161,0.117090820312,1.06114355469,-0.903333984375,-0.498825195313,2.97732910156,0.77948828125,0.937155273438,
12.184125,0.116987304688,1.06114355469,-0.903333984375,-0.498680664063,2.97732910156,0.77948828125,0.937155273438,
12.194138,0.116987304688,1.06104003906,-0.903333984375,-0.498680664063,2.97732910156,0.77948828125,0.937155273438,
12.204136,0.116987304688,1.06104003906,-0.903333984375,-0.498680664063,2.97732910156,0.77948828125,0.937155273438,
12.214139,0.116987304688,1.06104003906,-0.903333984375,-0.498680664063,2.97732910156,0.77948828125,0.937155273438,
12.224111,0.116987304688,1.0609375,-0.903333984375,-0.498680664063,2.97732910156,0.77948828125,0.937155273438,
12.234112,0.116987304688,1.0609375,-0.903333984375,-0.498680664063,2.97732910156,0.77948828125,0.937155273438,
12.244107,0.116987304688,1.06083496094,-0.903333984375,-0.498680664063,2.97732910156,0.77948828125,0.937155273438,
12.254121,0.116987304688,1.06083496094,-0.903333984375,-0.498680664063,2.97732910156,0.77948828125,0.937155273438,
12.264157,0.116987304688,1.06083496094,-0.903333984375,-0.498680664063,2.97732910156,0.77948828125,0.937155273438,
12.274132,0.116987304688,1.06072558594,-0.903333984375,-0.498825195313,2.97732910156,0.7796953125,0.937155273438,
12.284141,0.116987304688,1.06062207031,-0.903333984375,-0.498825195313,2.97732910156,0.7796953125,0.937155273438,
12.294120,0.117090820312,1.06062207031,-0.903333984375,-0.498825195313,2.97732910156,0.7796953125,0.937155273438,
12.304111,0.117090820312,1.06051953125,-0.903333984375,-0.498825195313,2.97732910156,0.7796953125,0.937155273438,
12.314122,0.117090820312,1.06051953125,-0.903333984375,-0.498825195313,2.97712304688,0.7796953125,0.937155273438,
12.324146,0.117090820312,1.06051953125,-0.903333984375,-0.498825195313,2.97732910156,0.7796953125,0.937155273438,
12.334152,0.117090820312,1.06051953125,-0.903333984375,-0.498825195313,2.97732910156,0.7796953125,0.937155273438,
12.344141,0.116987304688,1.06041601562,-0.903333984375,-0.498825195313,2.97732910156,0.7796953125,0.937155273438,
12.354118,0.116987304688,1.06041601562,-0.903333984375,-0.498825195313,2.97732910156,0.7796953125,0.937155273438,
12.364104,0.116987304688,1.06041601562,-0.903333984375,-0.498825195313,2.97732910156,0.7796953125,0.937155273438,
12.374142,0.116987304688,1.06041601562,-0.903333984375,-0.498825195313,2.97732910156,0.7796953125,0.937155273438,
12.384145,0.116987304688,1.06041601562,-0.903333984375,-0.498680664063,2.97732910156,0.7796953125,0.937155273438,
12.394140,0.116987304688,1.06051953125,-0.903333984375,-0.498680664063,2.97732910156,0.7796953125,0.937155273438,
12.404162,0.116987304688,1.06051953125,-0.903333984375,-0.498680664063,2.97732910156,0.7796953125,0.937155273438,
12.414115,0.116987304688,1.06051953125,-0.903333984375,-0.498680664063,2.97732910156,0.7796953125,0.937155273438,
12.424108,0.116987304688,1.06051953125,-0.903333984375,-0.498680664063,2.97732910156,0.7796953125,0.937155273438,
12.434156,0.117090820312,1.06051953125,-0.903333984375,-0.498680664063,2.97732910156,0.7796953125,0.937155273438,
12.444121,0.117090820312,1.06051953125,-0.903333984375,-0.498680664063,2.97732910156,0.7796953125,0.937155273438,
12.454115,0.117090820312,1.06051953125,-0.903333984375,-0.498680664063,2.97732910156,0.7796953125,0.937155273438,
12.464096,0.117090820312,1.06051953125,-0.903333984375,-0.498680664063,2.97732910156,0.7796953125,0.937155273438,
12.474105,0.117090820312,1.06051953125,-0.903333984375,-0.498680664063,2.97732910156,0.7796953125,0.937155273438,
12.484123,0.117090820312,1.06051953125,-0.903333984375,-0.498680664063,2.97712304688,0.7796953125,0.937155273438,
12.494136,0.117090820312,1.06051953125,-0.903333984375,-0.498825195313,2.97712304688,0.7796953125,0.937155273438,
12.504128,0.117090820312,1.06051953125,-0.903333984375,-0.498825195313,2.97712304688,0.7796953125,0.937155273438,
12.514152,0.117090820312,1.06051953125,-0.903333984375,-0.498825195313,2.97712304688,0.7796953125,0.937155273438,
12.524129,0.117090820312,1.06051953125,-0.903333984375,-0.498825195313,2.97712304688,0.7796953125,0.937155273438,
12.534110,0.117090820312,1.06051953125,-0.903333984375,-0.498825195313,2.97712304688,0.7796953125,0.937155273438,
12.544114,0.117090820312,1.06051953125,-0.903333984375,-0.498825195313,2.97712304688,0.7796953125,0.937155273438,
12.554119,0.117090820312,1.06051953125,-0.903333984375,-0.498825195313,2.97712304688,0.7796953125,0.937155273438,
12.564114,0.117090820312,1.06051953125,-0.903333984375,-0.498825195313,2.97712304688,0.7796953125,0.937155273438,
12.574121,0.117090820312,1.06051953125,-0.903333984375,-0.498825195313,2.97712304688,0.7796953125,0.937155273438,
12.584115,0.117090820312,1.06051953125,-0.903333984375,-0.498680664063,2.97712304688,0.7796953125,0.937155273438,
12.594102,0.117090820312,1.06051953125,-0.903333984375,-0.498680664063,2.97712304688,0.7796953125,0.937155273438,
12.604120,0.117090820312,1.06051953125,-0.903333984375,-0.498680664063,2.97732910156,0.7796953125,0.937155273438,
12.614123,0.117090820312,1.06051953125,-0.903333984375,-0.498680664063,2.97732910156,0.7796953125,0.937155273438,
12.624106,0.117090820312,1.06051953125,-0.903333984375,-0.498680664063,2.97732910156,0.7796953125,0.937155273438,
12.634106,0.117090820312,1.06051953125,-0.903333984375,-0.498680664063,2.97732910156,0.7796953125,0.937155273438,
12.644105,0.117090820312,1.06051953125,-0.903333984375,-0.498680664063,2.97732910156,0.7796953125,0.937155273438,
12.654109,0.117090820312,1.06051953125,-0.903333984375,-0.498680664063,2.97732910156,0.7796953125,0.937155273438,
12.664130,0.117090820312,1.06051953125,-0.903333984375,-0.498680664063,2.97732910156,0.7796953125,0.937155273438,
12.674142,0.117090820312,1.06051953125,-0.903333984375,-0.498680664063,2.97732910156,0.7796953125,0.937155273438,
12.684109,0.117090820312,1.06051953125,-0.903333984375,-0.498680664063,2.97732910156,0.7796953125,0.937155273438,
12.694134,0.117090820312,1.06051953125,-0.903333984375,-0.498680664063,2.97732910156,0.7796953125,0.937155273438,
12.704112,0.117090820312,1.06051953125,-0.903333984375,-0.498680664063,2.97732910156,0.7796953125,0.937155273438,
12.714084,0.117090820312,1.06051953125,-0.903333984375,-0.498680664063,2.97732910156,0.7796953125,0.937155273438,
12.724098,0.117090820312,1.06051953125,-0.903333984375,-0.498680664063,2.97732910156,0.7796953125,0.937155273438,
12.734131,0.117090820312,1.06051953125,-0.903333984375,-0.498680664063,2.97732910156,0.7796953125,0.937155273438,
12.744137,0.117090820312,1.06051953125,-0.903333984375,-0.498680664063,2.97732910156,0.7796953125,0.937155273438,
12.754114,0.117090820312,1.06051953125,-0.903333984375,-0.498680664063,2.97732910156,0.7796953125,0.937155273438,
12.764109,0.117090820312,1.06051953125,-0.903333984375,-0.498680664063,2.97732910156,0.7796953125,0.937155273438,
12.774112,0.117090820312,1.06051953125,-0.903333984375,-0.498680664063,2.97732910156,0.7796953125,0.937155273438,
12.784122,0.117090820312,1.06051953125,-0.903333984375,-0.498680664063,2.97732910156,0.7796953125,0.937155273438,
12.794120,0.117090820312,1.06051953125,-0.903333984375,-0.498680664063,2.97732910156,0.7796953125,0.937155273438,
12.804114,0.117090820312,1.06051953125,-0.903333984375,-0.498680664063,2.97732910156,0.7796953125,0.937155273438,
12.814131,0.117090820312,1.06051953125,-0.903333984375,-0.498680664063,2.97732910156,0.7796953125,0.937155273438,
12.824128,0.117090820312,1.06051953125,-0.903333984375,-0.498680664063,2.97732910156,0.7796953125,0.937155273438,
12.834140,0.117090820312,1.06051953125,-0.903333984375,-0.498680664063,2.97732910156,0.7796953125,0.937155273438,
12.844119,0.117090820312,1.06051953125,-0.903333984375,-0.498680664063,2.97732910156,0.7796953125,0.937155273438,
12.854110,0.117090820312,1.06051953125,-0.903333984375,-0.498680664063,2.97732910156,0.7796953125,0.937155273438,
12.864114,0.117090820312,1.06051953125,-0.903333984375,-0.498680664063,2.97732910156,0.7796953125,0.937155273438,
12.874100,0.117090820312,1.06051953125,-0.903333984375,-0.498680664063,2.97732910156,0.7796953125,0.937155273438,
12.884104,0.117090820312,1.06051953125,-0.903333984375,-0.498680664063,2.97732910156,0.7796953125,0.937155273438,
12.894107,0.117090820312,1.06051953125,-0.903333984375,-0.498680664063,2.97732910156,0.7796953125,0.937155273438,
12.904130,0.117090820312,1.06051953125,-0.903333984375,-0.498680664063,2.97732910156,0.7796953125,0.937155273438,
12.914132,0.117090820312,1.06051953125,-0.903333984375,-0.498680664063,2.97732910156,0.7796953125,0.937155273438,
12.924155,0.117090820312,1.06051953125,-0.903333984375,-0.498680664063,2.97732910156,0.7796953125,0.937155273438,
12.934156,0.117090820312,1.06051953125,-0.903333984375,-0.498680664063,2.97732910156,0.7796953125,0.937155273438,
12.944118,0.117090820312,1.06051953125,-0.903333984375,-0.498680664063,2.97732910156,0.7796953125,0.937155273438,
12.954136,0.117090820312,1.06051953125,-0.903333984375,-0.498680664063,2.97732910156,0.7796953125,0.937155273438,
12.964139,0.117090820312,1.06051953125,-0.903333984375,-0.498680664063,2.97732910156,0.7796953125,0.937155273438,
12.974114,0.117090820312,1.06051953125,-0.903333984375,-0.498680664063,2.97732910156,0.7796953125,0.937155273438,
12.984103,0.117090820312,1.06051953125,-0.903333984375,-0.498680664063,2.97732910156,0.7796953125,0.937155273438,
12.994115,0.117090820312,1.06051953125,-0.903333984375,-0.498680664063,2.97732910156,0.7796953125,0.937155273438,
13.004129,0.117090820312,1.06051953125,-0.903333984375,-0.498680664063,2.97732910156,0.7796953125,0.937155273438,
13.014152,0.117090820312,1.06051953125,-0.903333984375,-0.498680664063,2.97732910156,0.7796953125,0.937155273438,
13.024108,0.117090820312,1.06051953125,-0.903333984375,-0.498680664063,2.97732910156,0.7796953125,0.937155273438,
13.034118,0.117090820312,1.06051953125,-0.903333984375,-0.498680664063,2.97732910156,0.7796953125,0.937155273438,
13.044119,0.117090820312,1.06051953125,-0.903333984375,-0.498680664063,2.97732910156,0.7796953125,0.937155273438,
13.054102,0.117090820312,1.06051953125,-0.903333984375,-0.498680664063,2.97732910156,0.7796953125,0.937155273438,
13.064083,0.117090820312,1.06051953125,-0.903333984375,-0.498680664063,2.97732910156,0.7796953125,0.937155273438,
13.074109,0.117090820312,1.06051953125,-0.903333984375,-0.498680664063,2.97732910156,0.7796953125,0.937155273438,
13.084141,0.117090820312,1.06051953125,-0.903333984375,-0.498680664063,2.97732910156,0.7796953125,0.937155273438,
13.094131,0.117090820312,1.06051953125,-0.903333984375,-0.498680664063,2.97732910156,0.7796953125,0.937155273438,
13.104159,0.117090820312,1.06051953125,-0.903333984375,-0.498680664063,2.97732910156,0.7796953125,0.937155273438,
13.114125,0.117090820312,1.06051953125,-0.903333984375,-0.498680664063,2.97732910156,0.7796953125,0.937155273438,
13.124113,0.117090820312,1.06051953125,-0.903333984375,-0.498680664063,2.97732910156,0.7796953125,0.937155273438,
13.134127,0.117090820312,1.06051953125,-0.903333984375,-0.498680664063,2.97732910156,0.7796953125,0.937155273438,
13.144164,0.117090820312,1.06051953125,-0.903333984375,-0.498680664063,2.97732910156,0.7796953125,0.937155273438,
13.154137,0.117090820312,1.06051953125,-0.903333984375,-0.498680664063,2.97732910156,0.7796953125,0.937155273438,
13.164125,0.117090820312,1.06051953125,-0.903333984375,-0.498680664063,2.97732910156,0.7796953125,0.937155273438,
13.174090,0.117090820312,1.06051953125,-0.903333984375,-0.498680664063,2.97732910156,0.7796953125,0.937155273438,
13.184110,0.117090820312,1.06051953125,-0.903333984375,-0.498680664063,2.97732910156,0.7796953125,0.937155273438,
13.194115,0.117090820312,1.06051953125,-0.903333984375,-0.498680664063,2.97732910156,0.7796953125,0.937155273438,
13.204159,0.117090820312,1.06051953125,-0.903333984375,-0.498680664063,2.97732910156,0.7796953125,0.937155273438,
13.214125,0.117090820312,1.06051953125,-0.903333984375,-0.498680664063,2.97732910156,0.7796953125,0.937155273438,
13.224145,0.117090820312,1.06051953125,-0.903333984375,-0.498680664063,2.97732910156,0.7796953125,0.937155273438,
13.234125,0.117090820312,1.06051953125,-0.903333984375,-0.498680664063,2.97732910156,0.7796953125,0.937155273438,
13.244096,0.117090820312,1.06051953125,-0.903333984375,-0.498680664063,2.97732910156,0.7796953125,0.937155273438,
13.254123,0.117090820312,1.06051953125,-0.903333984375,-0.498680664063,2.97732910156,0.7796953125,0.937155273438,
13.264146,0.117090820312,1.06051953125,-0.903333984375,-0.498680664063,2.97732910156,0.7796953125,0.937155273438,
13.274133,0.117090820312,1.06051953125,-0.903333984375,-0.498680664063,2.97732910156,0.7796953125,0.937155273438,
13.284135,0.117090820312,1.06051953125,-0.903333984375,-0.498680664063,2.97732910156,0.7796953125,0.937155273438,
13.294116,0.117090820312,1.06051953125,-0.903333984375,-0.498680664063,2.97732910156,0.7796953125,0.937155273438,
13.304107,0.117090820312,1.06051953125,-0.903333984375,-0.498680664063,2.97732910156,0.7796953125,0.937155273438,
13.314132,0.117090820312,1.06051953125,-0.903333984375,-0.498680664063,2.97732910156,0.7796953125,0.937155273438,
13.324135,0.117090820312,1.06051953125,-0.903333984375,-0.498680664063,2.97732910156,0.7796953125,0.937155273438,
13.334141,0.117090820312,1.06051953125,-0.903333984375,-0.498680664063,2.97732910156,0.7796953125,0.937155273438,
13.344119,0.117090820312,1.06051953125,-0.903333984375,-0.498680664063,2.97732910156,0.7796953125,0.937155273438,
13.354087,0.117090820312,1.06051953125,-0.903333984375,-0.498680664063,2.97732910156,0.7796953125,0.937155273438,
13.364150,0.117090820312,1.06051953125,-0.903333984375,-0.498680664063,2.97732910156,0.7796953125,0.937155273438,
13.374147,0.117090820312,1.06051953125,-0.903333984375,-0.498680664063,2.97732910156,0.7796953125,0.937155273438,
13.384138,0.117090820312,1.06051953125,-0.903333984375,-0.498680664063,2.97732910156,0.7796953125,0.937155273438,
13.394114,0.117090820312,1.06051953125,-0.903333984375,-0.498680664063,2.97732910156,0.7796953125,0.937155273438,
13.404111,0.117090820312,1.06051953125,-0.903333984375,-0.498680664063,2.97732910156,0.7796953125,0.937155273438,
13.414090,0.117090820312,1.06051953125,-0.903333984375,-0.498680664063,2.97732910156,0.7796953125,0.937155273438,
13.424121,0.117090820312,1.06051953125,-0.903333984375,-0.498680664063,2.97732910156,0.7796953125,0.937155273438,
13.434162,0.117090820312,1.06051953125,-0.903333984375,-0.498680664063,2.97732910156,0.7796953125,0.937155273438,
13.444117,0.117090820312,1.06051953125,-0.903333984375,-0.498680664063,2.97732910156,0.7796953125,0.937155273438,
13.454098,0.117090820312,1.06051953125,-0.903333984375,-0.498680664063,2.97732910156,0.7796953125,0.937155273438,
13.464110,0.117090820312,1.06051953125,-0.903333984375,-0.498680664063,2.97732910156,0.7796953125,0.937155273438,
13.474110,0.117090820312,1.06051953125,-0.903333984375,-0.498680664063,2.97732910156,0.7796953125,0.937155273438,
13.484143,0.117090820312,1.06051953125,-0.903333984375,-0.498680664063,2.97732910156,0.7796953125,0.937155273438,
13.494160,0.117090820312,1.06051953125,-0.903333984375,-0.498680664063,2.97732910156,0.7796953125,0.937155273438,
13.504123,0.117090820312,1.06051953125,-0.903333984375,-0.498680664063,2.97732910156,0.7796953125,0.937155273438,
13.514132,0.117090820312,1.06051953125,-0.903333984375,-0.498680664063,2.97732910156,0.7796953125,0.937155273438,
13.524120,0.117090820312,1.06051953125,-0.903333984375,-0.498680664063,2.97732910156,0.7796953125,0.937155273438,
13.534110,0.117090820312,1.06051953125,-0.903333984375,-0.498680664063,2.97732910156,0.7796953125,0.937155273438,
13.544112,0.117090820312,1.06051953125,-0.903333984375,-0.498680664063,2.97732910156,0.7796953125,0.937155273438,
13.554149,0.117090820312,1.06051953125,-0.903333984375,-0.498680664063,2.97732910156,0.7796953125,0.937155273438,
13.564113,0.117090820312,1.06051953125,-0.903333984375,-0.498680664063,2.97732910156,0.7796953125,0.937155273438,
13.574118,0.117090820312,1.06051953125,-0.903333984375,-0.498680664063,2.97732910156,0.7796953125,0.937155273438,
13.584129,0.117090820312,1.06051953125,-0.903333984375,-0.498680664063,2.97732910156,0.7796953125,0.937155273438,
13.594119,0.117090820312,1.06051953125,-0.903333984375,-0.498680664063,2.97732910156,0.7796953125,0.937155273438,
13.604188,0.117090820312,1.06051953125,-0.903333984375,-0.498680664063,2.97732910156,0.7796953125,0.937155273438,
13.614148,0.117090820312,1.06051953125,-0.903333984375,-0.498680664063,2.97732910156,0.7796953125,0.937155273438,
13.624159,0.117090820312,1.06051953125,-0.903333984375,-0.498680664063,2.97732910156,0.7796953125,0.937155273438,
13.634127,0.117090820312,1.06051953125,-0.903333984375,-0.498680664063,2.97732910156,0.7796953125,0.937155273438,
13.644121,0.117090820312,1.06051953125,-0.903333984375,-0.498680664063,2.97732910156,0.7796953125,0.937155273438,
13.654105,0.117090820312,1.06051953125,-0.903333984375,-0.498680664063,2.97732910156,0.7796953125,0.937155273438,
13.664105,0.117090820312,1.06051953125,-0.903333984375,-0.498680664063,2.97732910156,0.7796953125,0.937155273438,
13.674149,0.117090820312,1.06051953125,-0.903333984375,-0.498680664063,2.97732910156,0.7796953125,0.937155273438,
13.684128,0.117090820312,1.06051953125,-0.903333984375,-0.498680664063,2.97732910156,0.7796953125,0.937155273438,
13.694120,0.117090820312,1.06051953125,-0.903333984375,-0.498680664063,2.97732910156,0.7796953125,0.937155273438,
13.704118,0.117090820312,1.06051953125,-0.903333984375,-0.498680664063,2.97732910156,0.7796953125,0.937155273438,
13.714111,0.117090820312,1.06051953125,-0.903333984375,-0.498680664063,2.97732910156,0.7796953125,0.937155273438,
13.724087,0.117090820312,1.06051953125,-0.903333984375,-0.498680664063,2.97732910156,0.7796953125,0.937155273438,
13.734128,0.117090820312,1.06051953125,-0.903333984375,-0.498680664063,2.97732910156,0.7796953125,0.937155273438,
13.744137,0.117090820312,1.06051953125,-0.903333984375,-0.498680664063,2.97732910156,0.7796953125,0.937155273438,
13.754127,0.117090820312,1.06051953125,-0.903333984375,-0.498680664063,2.97732910156,0.7796953125,0.937155273438,
13.764114,0.117090820312,1.06051953125,-0.903333984375,-0.498680664063,2.97732910156,0.7796953125,0.937155273438,
13.774168,0.117090820312,1.06051953125,-0.903333984375,-0.498680664063,2.97732910156,0.7796953125,0.937155273438,
13.784146,0.117090820312,1.06051953125,-0.903333984375,-0.498680664063,2.97732910156,0.7796953125,0.937155273438,
13.794114,0.117090820312,1.06051953125,-0.903333984375,-0.498680664063,2.97732910156,0.7796953125,0.937155273438,
13.804140,0.117090820312,1.06051953125,-0.903333984375,-0.498680664063,2.97732910156,0.7796953125,0.937155273438,
13.814125,0.117090820312,1.06051953125,-0.903333984375,-0.498680664063,2.97732910156,0.7796953125,0.937155273438,
13.824107,0.117090820312,1.06051953125,-0.903333984375,-0.498680664063,2.97732910156,0.7796953125,0.937155273438,
13.834150,0.117090820312,1.06051953125,-0.903333984375,-0.498680664063,2.97732910156,0.7796953125,0.937155273438,
13.844118,0.117090820312,1.06051953125,-0.903333984375,-0.498680664063,2.97732910156,0.7796953125,0.937155273438,
13.854130,0.117090820312,1.06051953125,-0.903333984375,-0.498680664063,2.97732910156,0.7796953125,0.937155273438,
13.864101,0.117090820312,1.06051953125,-0.903333984375,-0.498680664063,2.97732910156,0.7796953125,0.937155273438,
13.874108,0.117090820312,1.06051953125,-0.903333984375,-0.498680664063,2.97732910156,0.7796953125,0.937155273438,
13.884096,0.117090820312,1.06051953125,-0.903333984375,-0.498680664063,2.97732910156,0.7796953125,0.937155273438,
13.894125,0.117090820312,1.06051953125,-0.903333984375,-0.498680664063,2.97732910156,0.7796953125,0.937155273438,
13.904161,0.117090820312,1.06051953125,-0.903333984375,-0.498680664063,2.97732910156,0.7796953125,0.937155273438,
13.914124,0.117090820312,1.06051953125,-0.903333984375,-0.498680664063,2.97732910156,0.7796953125,0.937155273438,
13.924145,0.117090820312,1.06051953125,-0.903333984375,-0.498680664063,2.97732910156,0.7796953125,0.937155273438,
13.934130,0.117090820312,1.06051953125,-0.903333984375,-0.498680664063,2.97732910156,0.7796953125,0.937155273438,
13.944101,0.117090820312,1.06051953125,-0.903333984375,-0.498680664063,2.97732910156,0.7796953125,0.937155273438,
13.954116,0.117090820312,1.06051953125,-0.903333984375,-0.498680664063,2.97732910156,0.7796953125,0.937155273438,
13.964113,0.117090820312,1.06051953125,-0.903333984375,-0.498680664063,2.97732910156,0.7796953125,0.937155273438,
13.974137,0.117090820312,1.06051953125,-0.903333984375,-0.498680664063,2.97732910156,0.7796953125,0.937155273438,
13.984152,0.117090820312,1.06051953125,-0.903333984375,-0.498680664063,2.97732910156,0.7796953125,0.937155273438,
13.994120,0.117090820312,1.06051953125,-0.903333984375,-0.498680664063,2.97732910156,0.7796953125,0.937155273438,
14.004101,0.117090820312,1.06051953125,-0.903333984375,-0.498680664063,2.97732910156,0.7796953125,0.937155273438,
14.014139,0.117090820312,1.06051953125,-0.903333984375,-0.498680664063,2.97732910156,0.7796953125,0.937155273438,
14.024136,0.117090820312,1.06051953125,-0.903333984375,-0.498680664063,2.97732910156,0.7796953125,0.937155273438,
